isWon,        total_diff,        break_pos1,        break_pos2,        break_pos3,        break_pos4,        win_in_set,        cur_diff,         ace,        utc_fore,        utc_back,        break_racial,        dis_total,        dis_lstgame,        dis_lst3pts,        dis_lstpt,        rallycnt,        double_fault,        unf_err
0,1.0778895288038741,-0.25673526891621856,-0.16064386578049977,-0.2468484471502831,-0.40439077885877345,-1.3213116166495462,-0.03639051311385537,-0.12639003479138966,-0.2590638800754199,-0.24494897427831783,-4.4646374992615625,-1.6305128031699017,-0.7427486379150671,-0.8181479650021071,0.46122272007935294,0.0,-0.7595266536805081,-1.4892282632863791
0,0.8664343343809057,-0.25673526891621856,-0.16064386578049977,-0.2468484471502831,-0.40439077885877345,-1.3213116166495462,0.7350883648998784,-0.12639003479138966,-0.2590638800754199,-0.24494897427831783,-4.4646374992615625,-1.6293356231375538,-0.7182255556478199,-0.7592457569716181,-0.9154107565125995,0.0,0.25105692736719715,-1.2860645619886235
1,1.0778895288038741,0.8616457655407335,-0.16064386578049977,-0.2468484471502831,-0.40439077885877345,-1.3213116166495462,-0.03639051311385537,-0.12639003479138966,-0.2590638800754199,-0.24494897427831783,-4.4646374992615625,-1.6175638228140745,-0.47299473297534794,-0.17022367666672775,0.11706435093136484,0.0,0.25105692736719715,-1.2860645619886235
0,0.8664343343809057,0.8616457655407335,-0.16064386578049977,-0.2468484471502831,-0.40439077885877345,-1.3213116166495462,0.7350883648998784,-0.12639003479138966,-0.2590638800754199,-0.24494897427831783,-4.4646374992615625,-1.6016718923773776,-0.14193312236751085,-0.14077257265148324,0.5185824482706843,0.0,0.25105692736719715,-1.0829008606908677
0,0.6549791399579371,0.8616457655407335,-0.16064386578049977,-0.2468484471502831,-0.40439077885877345,-1.3213116166495462,-0.03639051311385537,-0.12639003479138966,-0.2590638800754199,-0.24494897427831783,-4.4646374992615625,-1.5857799619406807,0.18912848824032627,0.5955050277296297,0.5185824482706843,0.0,0.25105692736719715,-1.0829008606908677
1,0.8664343343809057,1.9800267999976855,-0.16064386578049977,-0.2468484471502831,-0.40439077885877345,-1.3213116166495462,-0.8078693911275893,-0.12639003479138966,-0.2590638800754199,-0.24494897427831783,-4.4646374992615625,-1.5622363612937225,0.6795901335852701,1.1845271080345199,1.264258914757992,0.0,0.25105692736719715,-1.0829008606908677
1,1.0778895288038741,3.0984078344546377,-0.16064386578049977,-0.2468484471502831,-0.40439077885877345,-1.3213116166495462,-0.03639051311385537,-0.12639003479138966,-0.2590638800754199,-0.24494897427831783,-4.4646374992615625,-1.5598820012290264,0.7286362981197645,0.5071517156838962,-0.8006913001299367,0.0,0.25105692736719715,-1.0829008606908677
0,0.8664343343809057,3.0984078344546377,-0.16064386578049977,-0.2468484471502831,-0.40439077885877345,-1.3213116166495462,0.7350883648998784,-0.12639003479138966,-0.2590638800754199,-0.24494897427831783,-4.4646374992615625,-1.5545846910834609,0.8389901683223769,-0.02296815659050518,-0.51389265917328,0.0,0.25105692736719715,-0.879737159393112
1,1.0778895288038741,4.21678886891159,-0.16064386578049977,-0.2468484471502831,-0.40439077885877345,-1.3213116166495462,-0.03639051311385537,-0.12639003479138966,-0.2590638800754199,4.08248290463863,-4.4646374992615625,-1.5345726305335463,1.255882566865579,-0.19967478068197228,0.9201005456100038,0.0,0.25105692736719715,-0.879737159393112
0,0.8664343343809057,4.21678886891159,-0.16064386578049977,-0.2468484471502831,-0.40439077885877345,-1.3213116166495462,0.7350883648998784,-0.12639003479138966,-0.2590638800754199,-0.24494897427831783,-4.4646374992615625,-1.5316296804526766,1.3171902725336972,-0.17022367666672775,-0.7433315719386054,0.0,0.25105692736719715,-0.6765734580953563
1,1.0778895288038741,5.335169903368542,-0.16064386578049977,-0.2468484471502831,-0.40439077885877345,-1.3213116166495462,-0.03639051311385537,-0.12639003479138966,-0.2590638800754199,-0.24494897427831783,-4.4646374992615625,-1.5175035200645015,1.6114672597406634,0.27154288356194,0.34650326369669027,0.0,0.25105692736719715,-0.6765734580953563
1,1.2893447232268427,6.4535509378254945,-0.16064386578049977,-0.2468484471502831,-0.40439077885877345,-1.3213116166495462,0.7350883648998784,-0.12639003479138966,-0.2590638800754199,-0.24494897427831783,-4.4646374992615625,-1.5169149300483276,1.6237288008742872,-0.700343548941129,-0.9727704847039308,0.0,0.25105692736719715,-0.6765734580953563
0,1.5007999176498112,-0.25673526891621856,-0.16064386578049977,-0.2468484471502831,-0.40439077885877345,-0.785371445610572,-0.03639051311385537,-0.12639003479138966,-0.2590638800754199,-0.24494897427831783,-4.4646374992615625,-1.512206209918936,-0.7427486379150671,-0.6119902368953956,-0.5712523873646114,0.0,0.25105692736719715,-0.6765734580953563
1,1.7122551120727798,-0.25673526891621856,-0.16064386578049977,-0.2468484471502831,-0.40439077885877345,-0.785371445610572,0.7350883648998784,-0.12639003479138966,-0.2590638800754199,-0.24494897427831783,-0.3745840956026593,-1.495725689466065,-0.3994254861736064,-0.4941858208344174,0.5759421764620156,0.0,0.25105692736719715,-0.6765734580953563
0,1.5007999176498112,-0.25673526891621856,-0.16064386578049977,-0.2468484471502831,-0.40439077885877345,-0.785371445610572,1.506567242913612,-0.12639003479138966,-0.2590638800754199,-0.24494897427831783,-1.397094378974265,-1.4892511992881514,-0.2645485337037468,-0.19967478068197228,-0.3991732027906173,0.0,0.25105692736719715,-0.47340975679760056
0,1.2893447232268427,-0.25673526891621856,-0.16064386578049977,-0.2468484471502831,-0.40439077885877345,-0.785371445610572,0.7350883648998784,-0.12639003479138966,-0.2590638800754199,-0.24494897427831783,-2.0106030030317243,-1.4839538891425859,-0.15419466350113445,-0.17022367666672775,-0.51389265917328,0.0,0.25105692736719715,-0.2702460554998448
0,1.0778895288038741,-0.25673526891621856,-0.16064386578049977,-0.2468484471502831,-0.40439077885877345,-0.785371445610572,-0.03639051311385537,-0.12639003479138966,-0.2590638800754199,-0.24494897427831783,-2.4196046623458702,-1.4586445184471055,0.37305160524468023,0.27154288356194,1.4363380993319859,0.0,0.25105692736719715,-0.06708235420208912
1,1.2893447232268427,-0.25673526891621856,-0.16064386578049977,-0.2468484471502831,-0.40439077885877345,-0.785371445610572,-0.8078693911275893,-0.12639003479138966,-0.2590638800754199,4.08248290463863,-0.9588774389825023,-1.4568787483985837,0.409836228645551,0.035934051439983856,-0.8580510283212681,0.0,0.25105692736719715,-0.06708235420208912
0,1.0778895288038741,-0.25673526891621856,-0.16064386578049977,-0.2468484471502831,-0.40439077885877345,-0.785371445610572,-0.03639051311385537,-0.12639003479138966,-0.2590638800754199,-0.24494897427831783,-1.397094378974265,-1.4545243883338879,0.45888239318004537,-0.11132146863623872,-0.8006913001299367,0.0,0.25105692736719715,-0.06708235420208912
1,1.2893447232268427,-0.25673526891621856,-0.16064386578049977,-0.2468484471502831,-0.40439077885877345,-0.785371445610572,-0.8078693911275893,-0.12639003479138966,-0.2590638800754199,-0.24494897427831783,-0.3745840956026593,-1.4456955380912786,0.6428055101843994,-0.9359523810630852,-0.16973429002529192,0.0,0.25105692736719715,-0.06708235420208912
1,1.5007999176498112,-0.25673526891621856,-0.16064386578049977,-0.2468484471502831,-0.40439077885877345,-0.785371445610572,-0.03639051311385537,-0.12639003479138966,-0.2590638800754199,-0.24494897427831783,0.44343149319811426,-1.438632457897191,0.7899440037878825,-0.6708924449258845,-0.34181347459928596,0.0,0.25105692736719715,-0.06708235420208912
1,1.7122551120727798,-0.25673526891621856,-0.16064386578049977,-0.2468484471502831,-0.40439077885877345,-0.785371445610572,0.7350883648998784,-0.12639003479138966,-0.2590638800754199,-0.24494897427831783,1.1127080511823964,-1.4356895078163212,0.8512517094560005,-0.64144134091064,-0.7433315719386054,0.0,0.25105692736719715,-0.06708235420208912
0,1.5007999176498112,-0.25673526891621856,-0.16064386578049977,-0.2468484471502831,-0.40439077885877345,-0.24943127457159794,-0.03639051311385537,-0.12639003479138966,-0.2590638800754199,-0.24494897427831783,1.1127080511823964,-1.4321579677192775,-0.7427486379150671,-0.9065012770478407,-0.685971843747274,0.0,0.25105692736719715,-0.06708235420208912
0,1.2893447232268427,-0.25673526891621856,-0.16064386578049977,-0.2468484471502831,-0.40439077885877345,-0.24943127457159794,-0.8078693911275893,-0.12639003479138966,-0.2590638800754199,-0.24494897427831783,1.1127080511823964,-1.4298036076545817,-0.6937024733805727,-1.1421101091697967,-0.8006913001299367,0.0,0.25105692736719715,0.1360813470956666
1,1.5007999176498112,-0.25673526891621856,3.032152966606933,-0.2468484471502831,-0.40439077885877345,-0.24943127457159794,-1.579348269141323,-0.12639003479138966,-0.2590638800754199,-0.24494897427831783,1.1127080511823964,-1.4298036076545817,-0.6937024733805727,-1.2893656292460194,-1.030130212895262,0.0,0.25105692736719715,0.1360813470956666
0,1.2893447232268427,-0.25673526891621856,3.032152966606933,-0.2468484471502831,-0.40439077885877345,-0.24943127457159794,-0.8078693911275893,-0.12639003479138966,-0.2590638800754199,-0.24494897427831783,1.1127080511823964,-1.4174432173149285,-0.43621010957447715,-0.8475990690173516,0.1744240791226962,0.0,0.25105692736719715,0.33924504839342234
0,1.0778895288038741,-0.25673526891621856,3.032152966606933,-0.2468484471502831,-0.40439077885877345,-0.24943127457159794,-1.579348269141323,-0.12639003479138966,-0.2590638800754199,-0.24494897427831783,1.1127080511823964,-1.4033170569267535,-0.14193312236751085,-0.2585769887124613,0.34650326369669027,0.0,0.25105692736719715,0.542408749691178
0,0.8664343343809057,-0.25673526891621856,-0.16064386578049977,-0.2468484471502831,-0.40439077885877345,-0.24943127457159794,-0.03639051311385537,-0.12639003479138966,-0.2590638800754199,-0.24494897427831783,0.6479384579414277,-1.3986083367973619,-0.7427486379150671,-0.02296815659050518,-0.5712523873646114,0.0,0.25105692736719715,0.542408749691178
0,0.6549791399579371,-0.25673526891621856,-0.16064386578049977,-0.2468484471502831,-0.40439077885877345,-0.24943127457159794,-0.8078693911275893,-0.12639003479138966,-0.2590638800754199,-0.24494897427831783,0.2546548895756335,-1.39389961666797,-0.6446563088460783,-0.4058325087886839,-0.5712523873646114,0.0,0.25105692736719715,0.542408749691178
0,0.4435239455349686,-0.25673526891621856,-0.16064386578049977,-0.2468484471502831,-0.40439077885877345,-0.24943127457159794,-1.579348269141323,-0.12639003479138966,-0.2590638800754199,-0.24494897427831783,-0.08243128882649707,-1.3874251264900566,-0.5097793563762187,-0.7886968609868626,-0.3991732027906173,0.0,0.25105692736719715,0.7455724509889338
1,0.6549791399579371,-0.25673526891621856,-0.16064386578049977,-0.2468484471502831,-0.40439077885877345,-0.24943127457159794,-2.350827147155057,-0.12639003479138966,-0.2590638800754199,-0.24494897427831783,0.44343149319811426,-1.383304996376839,-0.42394856844085355,-0.8181479650021071,-0.6286121155559428,0.0,0.25105692736719715,0.7455724509889338
1,0.8664343343809057,-0.25673526891621856,-0.16064386578049977,-0.2468484471502831,-0.40439077885877345,-0.24943127457159794,-1.579348269141323,-0.12639003479138966,-0.2590638800754199,-0.24494897427831783,0.9035629612412087,-1.3732989661018815,-0.21550236916925242,-0.5530880288649065,-0.055014833642629206,0.0,0.25105692736719715,0.7455724509889338
1,1.0778895288038741,-0.25673526891621856,-0.16064386578049977,-0.2468484471502831,-0.40439077885877345,-0.24943127457159794,-0.8078693911275893,-0.12639003479138966,-0.2590638800754199,-0.24494897427831783,1.3095584282974733,-1.3709446060371857,-0.16645620463475805,-0.7592457569716181,-0.8006913001299367,0.0,0.25105692736719715,0.7455724509889338
0,0.8664343343809057,-0.25673526891621856,-0.16064386578049977,-0.2468484471502831,-0.40439077885877345,-0.24943127457159794,-0.03639051311385537,-0.12639003479138966,-0.2590638800754199,-0.24494897427831783,0.9887670389503088,-1.3703560160210118,-0.15419466350113445,-0.9359523810630852,-0.9727704847039308,0.0,0.25105692736719715,0.7455724509889338
0,0.6549791399579371,-0.25673526891621856,-0.16064386578049977,-0.2468484471502831,-0.40439077885877345,-0.24943127457159794,-0.8078693911275893,-0.12639003479138966,-0.2590638800754199,-0.24494897427831783,0.7017554344437481,-1.363881525843098,-0.01931771103127488,-1.1126590051545522,-0.3991732027906173,0.0,0.25105692736719715,0.7455724509889338
0,0.4435239455349686,-0.25673526891621856,-0.16064386578049977,-0.2468484471502831,-0.40439077885877345,-0.24943127457159794,-0.03639051311385537,-0.12639003479138966,-0.2590638800754199,-0.24494897427831783,0.7017554344437481,-1.351521135503445,-0.7427486379150671,-0.6119902368953956,0.1744240791226962,0.0,0.25105692736719715,0.9487361522866895
0,0.23206875111200007,-0.25673526891621856,-0.16064386578049977,-0.2468484471502831,-0.40439077885877345,-0.24943127457159794,-0.8078693911275893,-0.12639003479138966,-0.2590638800754199,-0.24494897427831783,0.7017554344437481,-1.3426922852608356,-0.5588255209107131,-0.19967478068197228,-0.16973429002529192,0.0,0.25105692736719715,0.9487361522866895
0,0.020613556689031542,-0.25673526891621856,-0.16064386578049977,-0.2468484471502831,-0.40439077885877345,-0.24943127457159794,-1.579348269141323,-0.12639003479138966,-0.2590638800754199,-0.24494897427831783,0.7017554344437481,-1.3362177950829222,-0.42394856844085355,-0.19967478068197228,-0.3991732027906173,0.0,0.25105692736719715,0.9487361522866895
1,0.23206875111200007,-0.25673526891621856,-0.16064386578049977,1.5371926027085812,-0.40439077885877345,-0.24943127457159794,-2.350827147155057,-0.12639003479138966,-0.2590638800754199,-0.24494897427831783,0.7017554344437481,-1.3362177950829222,-0.42394856844085355,-0.8181479650021071,-1.030130212895262,0.0,0.25105692736719715,0.9487361522866895
0,0.020613556689031542,-0.25673526891621856,-0.16064386578049977,1.5371926027085812,-0.40439077885877345,-0.24943127457159794,-1.579348269141323,-0.12639003479138966,-0.2590638800754199,-0.24494897427831783,0.7017554344437481,-1.3279775348564866,-0.2522869925701232,-0.8475990690173516,-0.22709401821662326,0.0,1.2616405084149025,1.1518998535844451
0,0.23206875111200007,-0.25673526891621856,-0.16064386578049977,-0.2468484471502831,-0.40439077885877345,-0.24943127457159794,-0.03639051311385537,-0.12639003479138966,-0.2590638800754199,-0.24494897427831783,0.44343149319811426,-1.3126741944359637,-0.7427486379150671,-0.4058325087886839,0.46122272007935294,0.0,1.2616405084149025,1.1518998535844451
0,0.020613556689031542,-0.25673526891621856,-0.16064386578049977,-0.2468484471502831,-0.40439077885877345,-0.24943127457159794,0.7350883648998784,-0.12639003479138966,-0.2590638800754199,-0.24494897427831783,0.20970924777718436,-1.3126741944359637,-0.7427486379150671,-0.4058325087886839,-1.030130212895262,0.0,1.2616405084149025,1.1518998535844451
0,-0.19084163773393698,-0.25673526891621856,-0.16064386578049977,-0.2468484471502831,-0.40439077885877345,-0.24943127457159794,-0.03639051311385537,-0.12639003479138966,-0.2590638800754199,-0.24494897427831783,-0.002761058906395039,-1.2967822639992668,-0.41168702730722995,-0.02296815659050518,0.5185824482706843,0.0,1.2616405084149025,1.1518998535844451
0,-0.40229683215690554,-0.25673526891621856,-0.16064386578049977,-0.2468484471502831,-0.40439077885877345,-0.24943127457159794,-0.8078693911275893,-0.12639003479138966,-0.2590638800754199,-0.24494897427831783,-0.19675248583336366,-1.2897191838051794,-0.2645485337037468,-0.4352836128039284,-0.34181347459928596,0.0,1.2616405084149025,1.355063554882201
0,-0.613752026579874,-0.25673526891621856,-0.16064386578049977,-0.2468484471502831,-0.40439077885877345,-0.24943127457159794,-1.579348269141323,-0.12639003479138966,-0.2590638800754199,-0.24494897427831783,-0.3745840956026593,-1.2891305937890054,-0.2522869925701232,-0.4058325087886839,-0.9727704847039308,0.0,1.2616405084149025,1.355063554882201
0,-0.8252072210028426,-0.25673526891621856,-0.16064386578049977,-0.2468484471502831,-0.40439077885877345,-0.24943127457159794,-0.03639051311385537,-0.12639003479138966,-0.2590638800754199,-0.24494897427831783,-0.3745840956026593,-1.283244693627266,-0.7427486379150671,-0.9065012770478407,-0.4565329309819487,0.0,1.2616405084149025,1.5582272561799566
1,-0.613752026579874,-0.25673526891621856,-0.16064386578049977,-0.2468484471502831,0.8321117949593994,-0.24943127457159794,-0.8078693911275893,-0.12639003479138966,-0.2590638800754199,-0.24494897427831783,-0.3745840956026593,-1.2808903335625699,-0.6937024733805727,-1.1421101091697967,-0.8006913001299367,0.0,1.2616405084149025,1.5582272561799566
1,-0.40229683215690554,-0.25673526891621856,-0.16064386578049977,-0.2468484471502831,2.068614368777572,-0.24943127457159794,-0.03639051311385537,-0.12639003479138966,-0.2590638800754199,-0.24494897427831783,-0.3745840956026593,-1.267941353206743,-0.42394856844085355,-0.523636924849662,0.23178380731402753,0.0,1.2616405084149025,1.5582272561799566
0,-0.613752026579874,-0.25673526891621856,-0.16064386578049977,-0.2468484471502831,2.068614368777572,-0.24943127457159794,0.7350883648998784,-0.12639003479138966,-0.2590638800754199,-0.24494897427831783,-0.3745840956026593,-1.266175583158221,-0.3871639450399828,-0.7297946529563736,-0.8580510283212681,0.0,1.2616405084149025,1.7613909574777125
0,-0.8252072210028426,-0.25673526891621856,-0.16064386578049977,-0.2468484471502831,2.068614368777572,-0.24943127457159794,-0.03639051311385537,-0.12639003479138966,-0.2590638800754199,-0.24494897427831783,-0.3745840956026593,-1.2579353229317856,-0.21550236916925242,-0.4352836128039284,-0.22709401821662326,0.0,1.2616405084149025,1.9645546587754683
0,-1.036662415425811,-0.25673526891621856,-0.16064386578049977,-0.2468484471502831,2.068614368777572,-0.24943127457159794,-0.8078693911275893,-0.12639003479138966,-0.2590638800754199,-0.24494897427831783,-0.3745840956026593,-1.2544037828347419,-0.14193312236751085,-0.9065012770478407,-0.685971843747274,0.0,1.2616405084149025,2.167718360073224
0,-1.2481176098487796,-0.25673526891621856,-0.16064386578049977,-0.2468484471502831,-0.40439077885877345,-0.24943127457159794,-0.03639051311385537,-0.12639003479138966,-0.2590638800754199,-0.24494897427831783,-0.5381823052938213,-1.2485178826730021,-0.7427486379150671,-0.700343548941129,-0.4565329309819487,0.0,1.2616405084149025,2.167718360073224
1,-1.036662415425811,-0.25673526891621856,-0.16064386578049977,-0.2468484471502831,-0.40439077885877345,-0.24943127457159794,-0.8078693911275893,-0.12639003479138966,-0.2590638800754199,-0.24494897427831783,-0.2172682142218452,-1.2408662124627408,-0.5833486031779603,-0.7297946529563736,-0.2844537464079546,0.0,1.2616405084149025,2.167718360073224
0,-1.2481176098487796,-0.25673526891621856,-0.16064386578049977,-0.2468484471502831,-0.40439077885877345,-0.24943127457159794,-0.03639051311385537,-0.12639003479138966,-0.2590638800754199,-0.24494897427831783,-0.3745840956026593,-1.236746082349523,-0.49751781524259514,-0.700343548941129,-0.6286121155559428,0.0,1.2616405084149025,2.167718360073224
0,-1.4595728042717482,-0.25673526891621856,-0.16064386578049977,-0.2468484471502831,-0.40439077885877345,-0.24943127457159794,-0.8078693911275893,-0.12639003479138966,-0.2590638800754199,-0.24494897427831783,-0.5206482288182589,-1.2302715921716094,-0.3626408627727356,-0.6708924449258845,-0.3991732027906173,0.0,1.2616405084149025,2.37088206137098
0,-1.6710279986947167,-0.25673526891621856,-0.16064386578049977,-0.2468484471502831,-0.40439077885877345,-0.24943127457159794,-1.579348269141323,-0.12639003479138966,-0.2590638800754199,-0.24494897427831783,-0.656650820599317,-1.2249742820260439,-0.2522869925701232,-0.7886968609868626,-0.51389265917328,0.0,1.2616405084149025,2.37088206137098
0,-1.4595728042717482,-0.25673526891621856,-0.16064386578049977,-0.2468484471502831,-0.40439077885877345,-1.3213116166495462,-0.03639051311385537,-0.12639003479138966,-0.2590638800754199,-0.24494897427831783,-0.656650820599317,-1.2190883818643043,-0.7427486379150671,-0.700343548941129,-0.4565329309819487,0.0,-0.7595266536805081,-1.4892282632863791
1,-1.2481176098487796,0.8616457655407335,-0.16064386578049977,-0.2468484471502831,-0.40439077885877345,-1.3213116166495462,0.7350883648998784,-0.12639003479138966,-0.2590638800754199,-0.24494897427831783,-0.656650820599317,-1.208493761573173,-0.5220408975098424,-0.4941858208344174,0.0023448945487021416,0.0,-0.7595266536805081,-1.4892282632863791
1,-1.036662415425811,1.9800267999976855,-0.16064386578049977,-0.2468484471502831,-0.40439077885877345,-1.3213116166495462,1.506567242913612,-0.12639003479138966,-0.2590638800754199,-0.24494897427831783,-0.656650820599317,-1.2020192713952595,-0.3871639450399828,-0.4352836128039284,-0.3991732027906173,0.0,-0.7595266536805081,-1.4892282632863791
1,-0.8252072210028426,3.0984078344546377,-0.16064386578049977,-0.2468484471502831,-0.40439077885877345,-1.3213116166495462,2.2780461209273457,-0.12639003479138966,-0.2590638800754199,-0.24494897427831783,-0.656650820599317,-1.194367601184998,-0.22776391030287602,-0.34693030075819487,-0.2844537464079546,0.0,-0.7595266536805081,-1.4892282632863791
0,-1.036662415425811,-0.25673526891621856,-0.16064386578049977,-0.2468484471502831,-0.40439077885877345,-0.785371445610572,-0.03639051311385537,-0.12639003479138966,-0.2590638800754199,-0.24494897427831783,-0.7835857549168054,-1.1908360610879543,-0.7427486379150671,-0.700343548941129,-0.685971843747274,0.0,-0.7595266536805081,-1.4892282632863791
1,-0.8252072210028426,-0.25673526891621856,-0.16064386578049977,-0.2468484471502831,-0.40439077885877345,-0.785371445610572,-0.8078693911275893,-0.12639003479138966,-0.2590638800754199,-0.24494897427831783,-0.5065129901199752,-1.1825958008615187,-0.5710870620443367,-0.6119902368953956,-0.22709401821662326,0.0,-0.7595266536805081,-1.4892282632863791
0,-1.036662415425811,-0.25673526891621856,-0.16064386578049977,-0.2468484471502831,-0.40439077885877345,-0.785371445610572,-0.03639051311385537,-0.12639003479138966,-0.2590638800754199,-0.24494897427831783,-0.6302085989024403,-1.1820072108453448,-0.5588255209107131,-0.9654034850783297,-0.9727704847039308,0.0,-0.7595266536805081,-1.4892282632863791
1,-0.8252072210028426,-0.25673526891621856,-0.16064386578049977,-0.2468484471502831,-0.40439077885877345,-0.785371445610572,-0.8078693911275893,-0.12639003479138966,-0.2590638800754199,-0.24494897427831783,-0.3745840956026593,-1.1602293802469084,-0.10514849896664005,-0.052419260605749696,1.0921797301839977,0.0,-0.7595266536805081,-1.4892282632863791
1,-0.613752026579874,-0.25673526891621856,-0.16064386578049977,-0.2468484471502831,-0.40439077885877345,-0.785371445610572,-0.03639051311385537,-0.12639003479138966,-0.2590638800754199,-0.24494897427831783,-0.1339905535922858,-1.1466918098749073,0.17686694710670267,0.21264067553145094,0.2891435355053589,0.0,-0.7595266536805081,-1.4892282632863791
0,-0.8252072210028426,-0.25673526891621856,-0.16064386578049977,-0.2468484471502831,-0.40439077885877345,-0.785371445610572,0.7350883648998784,-0.12639003479138966,-0.2590638800754199,-0.24494897427831783,-0.25772297289219404,-1.123736799244123,0.6550670513180229,1.3317826281107426,1.2068991865666605,0.0,-0.7595266536805081,-1.2860645619886235
0,-1.036662415425811,-0.25673526891621856,-0.16064386578049977,-0.2468484471502831,-0.40439077885877345,-0.785371445610572,-0.03639051311385537,-0.12639003479138966,-0.2590638800754199,-0.24494897427831783,-0.3745840956026593,-1.0678207477075967,1.8199134590122645,3.0399466609949246,4.419043965281216,0.0,-0.7595266536805081,-1.2860645619886235
1,-0.8252072210028426,-0.25673526891621856,-0.16064386578049977,-0.2468484471502831,-0.40439077885877345,-0.785371445610572,-0.8078693911275893,-0.12639003479138966,-0.2590638800754199,-0.24494897427831783,-0.15350012783731276,-1.0478086871576822,2.236805857555467,3.3639088051626143,0.9201005456100038,0.0,-0.7595266536805081,-1.2860645619886235
1,-0.613752026579874,-0.25673526891621856,-0.16064386578049977,-0.2468484471502831,-0.40439077885877345,-0.785371445610572,-0.03639051311385537,-0.12639003479138966,-0.2590638800754199,-0.24494897427831783,0.05595171641590364,-1.0319167567209853,2.5678674681633042,3.01049555697968,0.5185824482706843,0.0,-0.7595266536805081,-1.2860645619886235
0,-0.8252072210028426,-0.25673526891621856,-0.16064386578049977,-0.2468484471502831,-0.40439077885877345,-0.785371445610572,0.7350883648998784,-0.12639003479138966,-0.2590638800754199,-0.24494897427831783,-0.05996460301351257,-1.0007214858637654,3.2177291482453545,1.7735491883394103,2.0099353812452994,0.0,-0.7595266536805081,-1.0829008606908677
1,-0.613752026579874,-0.25673526891621856,-0.16064386578049977,-0.2468484471502831,-0.40439077885877345,-0.785371445610572,-0.03639051311385537,-0.12639003479138966,3.8600518131237567,-0.24494897427831783,0.1366771811693842,-0.949514154456631,4.2844832268706075,3.3344577011473695,3.960166139750565,0.0,-0.7595266536805081,-1.0829008606908677
0,-0.8252072210028426,-0.25673526891621856,-0.16064386578049977,-0.2468484471502831,-0.40439077885877345,-0.785371445610572,0.7350883648998784,-0.12639003479138966,-0.2590638800754199,-0.24494897427831783,0.024454183656793842,-0.9400967141978477,4.480667885008585,3.01049555697968,-0.11237456183396057,0.0,-0.7595266536805081,-0.879737159393112
1,-0.613752026579874,-0.25673526891621856,-0.16064386578049977,-0.2468484471502831,-0.40439077885877345,-0.785371445610572,-0.03639051311385537,-0.12639003479138966,-0.2590638800754199,4.08248290463863,0.20970924777718436,-0.9171417035670633,4.958867989219905,2.598180100766257,1.2068991865666605,0.0,-0.7595266536805081,-0.879737159393112
0,-0.8252072210028426,-0.25673526891621856,-0.16064386578049977,-0.2468484471502831,-0.40439077885877345,-0.785371445610572,0.7350883648998784,-0.12639003479138966,-0.2590638800754199,-0.24494897427831783,0.10100778976668359,-0.9171417035670633,4.958867989219905,0.035934051439983856,-1.030130212895262,0.0,-0.7595266536805081,-0.879737159393112
1,-0.613752026579874,-0.25673526891621856,-0.16064386578049977,-0.2468484471502831,-0.40439077885877345,-0.785371445610572,-0.03639051311385537,-0.12639003479138966,-0.2590638800754199,-0.24494897427831783,0.2761154212451634,-0.907135673292106,5.167314188491506,0.06538515545522837,-0.055014833642629206,0.0,-0.7595266536805081,-0.879737159393112
1,-0.40229683215690554,-0.25673526891621856,-0.16064386578049977,-0.2468484471502831,-0.40439077885877345,-0.785371445610572,0.7350883648998784,-0.12639003479138966,-0.2590638800754199,4.08248290463863,0.44343149319811426,-0.8965410530009748,5.388021928896731,-0.5530880288649065,0.0023448945487021416,0.0,-0.7595266536805081,-0.879737159393112
0,-0.613752026579874,-0.25673526891621856,-0.16064386578049977,-0.2468484471502831,-0.40439077885877345,-0.24943127457159794,-0.03639051311385537,-0.12639003479138966,-0.2590638800754199,-0.24494897427831783,0.44343149319811426,-0.8830034826289737,-0.7427486379150671,0.12428736348571741,0.2891435355053589,0.0,-0.7595266536805081,-0.6765734580953563
0,-0.8252072210028426,-0.25673526891621856,-0.16064386578049977,-0.2468484471502831,-0.40439077885877345,-0.24943127457159794,-0.8078693911275893,-0.12639003479138966,-0.2590638800754199,-0.24494897427831783,0.44343149319811426,-0.8729974523540164,-0.5343024386434659,0.12428736348571741,-0.055014833642629206,0.0,-0.7595266536805081,-0.6765734580953563
0,-1.036662415425811,-0.25673526891621856,-0.16064386578049977,-0.2468484471502831,-0.40439077885877345,-0.24943127457159794,-1.579348269141323,-0.12639003479138966,-0.2590638800754199,-0.24494897427831783,0.44343149319811426,-0.8506310317394059,-0.06836387556576927,0.7133094437906077,1.1495394583753291,0.0,-0.7595266536805081,-0.47340975679760056
0,-1.2481176098487796,-0.25673526891621856,-0.16064386578049977,-0.2468484471502831,-0.40439077885877345,-0.24943127457159794,-2.350827147155057,-0.12639003479138966,-0.2590638800754199,-0.24494897427831783,0.44343149319811426,-0.8288532011409694,0.38531314637830383,1.125624900004031,1.0921797301839977,0.0,-0.7595266536805081,-0.47340975679760056
0,-1.4595728042717482,-0.25673526891621856,-0.16064386578049977,-0.2468484471502831,-0.40439077885877345,-0.24943127457159794,-0.03639051311385537,-0.12639003479138966,-0.2590638800754199,-0.24494897427831783,0.33673007330204047,-0.807075370542533,-0.7427486379150671,1.7146469803089213,1.0921797301839977,0.0,-0.7595266536805081,-0.47340975679760056
0,-1.6710279986947167,-0.25673526891621856,-0.16064386578049977,-0.2468484471502831,-0.40439077885877345,-0.24943127457159794,-0.8078693911275893,-0.12639003479138966,-0.2590638800754199,-0.24494897427831783,0.2345808873964738,-0.7947149802028798,-0.48525627410897154,1.2139782120497644,0.1744240791226962,0.0,-0.7595266536805081,-0.2702460554998448
0,-1.8824831931176853,-0.25673526891621856,-0.16064386578049977,-0.2468484471502831,-0.40439077885877345,-0.24943127457159794,-1.579348269141323,-0.12639003479138966,-0.2590638800754199,-0.24494897427831783,0.1366771811693842,-0.7888290800411403,-0.3626408627727356,0.41879840363816256,-0.4565329309819487,0.0,-0.7595266536805081,-0.2702460554998448
0,-2.093938387540654,-0.25673526891621856,-0.16064386578049977,-0.2468484471502831,-0.40439077885877345,-0.24943127457159794,-2.350827147155057,-0.12639003479138966,-0.2590638800754199,-0.24494897427831783,0.04277355117114918,-0.7888290800411403,-0.3626408627727356,-0.6708924449258845,-1.030130212895262,0.0,-0.7595266536805081,-0.2702460554998448
0,-2.305393581963622,-0.25673526891621856,-0.16064386578049977,-0.2468484471502831,-0.40439077885877345,-0.24943127457159794,-0.03639051311385537,-0.12639003479138966,-0.2590638800754199,-0.24494897427831783,0.04277355117114918,-0.7676398394588777,-0.7427486379150671,-0.2291258846972168,1.0348200019926665,0.0,-0.7595266536805081,-0.2702460554998448
1,-2.093938387540654,-0.25673526891621856,-0.16064386578049977,1.5371926027085812,-0.40439077885877345,-0.24943127457159794,-0.8078693911275893,-0.12639003479138966,-0.2590638800754199,-0.24494897427831783,0.04277355117114918,-0.7570452191677465,-0.5220408975098424,0.006482947424739338,0.0023448945487021416,0.0,-0.7595266536805081,-0.2702460554998448
1,-1.8824831931176853,-0.25673526891621856,-0.16064386578049977,3.3212336525674453,-0.40439077885877345,-0.24943127457159794,-0.03639051311385537,-0.12639003479138966,-0.2590638800754199,-0.24494897427831783,0.04277355117114918,-0.7541022690868766,-0.46073319184172434,0.15373846750096193,-0.7433315719386054,0.0,-0.7595266536805081,-0.2702460554998448
1,-1.6710279986947167,-0.25673526891621856,-0.16064386578049977,5.10527470242631,-0.40439077885877345,-0.24943127457159794,0.7350883648998784,-0.12639003479138966,3.8600518131237567,-0.24494897427831783,0.04277355117114918,-0.7423304687633975,-0.21550236916925242,-0.31747919674295033,0.11706435093136484,0.0,-0.7595266536805081,-0.2702460554998448
0,-1.8824831931176853,-0.25673526891621856,-0.16064386578049977,5.10527470242631,-0.40439077885877345,-0.24943127457159794,1.506567242913612,-0.12639003479138966,-0.2590638800754199,-0.24494897427831783,0.04277355117114918,-0.7399761086987017,-0.16645620463475805,-0.7297946529563736,-0.8006913001299367,0.0,-0.7595266536805081,-0.2702460554998448
0,-2.093938387540654,-0.25673526891621856,-0.16064386578049977,5.10527470242631,-0.40439077885877345,-0.24943127457159794,0.7350883648998784,-0.12639003479138966,-0.2590638800754199,-0.24494897427831783,0.04277355117114918,-0.7270271283428745,0.10329770030496109,-0.2291258846972168,0.23178380731402753,0.0,-0.7595266536805081,-0.06708235420208912
0,-2.305393581963622,-0.25673526891621856,-0.16064386578049977,5.10527470242631,-0.40439077885877345,-0.24943127457159794,-0.03639051311385537,-0.12639003479138966,-0.2590638800754199,-0.24494897427831783,0.04277355117114918,-0.7252613582943527,0.14008232370583187,-0.7297946529563736,-0.8580510283212681,0.0,-0.7595266536805081,0.1360813470956666
0,-2.516848776386591,-0.25673526891621856,-0.16064386578049977,5.10527470242631,-0.40439077885877345,-0.24943127457159794,-0.8078693911275893,-0.12639003479138966,-0.2590638800754199,-0.24494897427831783,0.04277355117114918,-0.720552638164961,0.23817465277482064,-0.6119902368953956,-0.5712523873646114,0.0,-0.7595266536805081,0.33924504839342234
0,-2.305393581963622,-0.25673526891621856,-0.16064386578049977,-0.2468484471502831,-0.40439077885877345,-0.24943127457159794,-0.03639051311385537,-0.12639003479138966,3.8600518131237567,-0.24494897427831783,-0.04737540604785385,-0.7117237879223516,-0.7427486379150671,-0.8181479650021071,-0.16973429002529192,0.0,-0.7595266536805081,0.33924504839342234
0,-2.516848776386591,-0.25673526891621856,-0.16064386578049977,-0.2468484471502831,-0.40439077885877345,-0.24943127457159794,0.7350883648998784,-0.12639003479138966,-0.2590638800754199,-0.24494897427831783,-0.1339905535922858,-0.6975976275341765,-0.44847165070810074,-0.19967478068197228,0.34650326369669027,0.0,-0.7595266536805081,0.33924504839342234
1,-2.305393581963622,-0.25673526891621856,-0.16064386578049977,-0.2468484471502831,-0.40439077885877345,-0.24943127457159794,-0.03639051311385537,-0.12639003479138966,-0.2590638800754199,4.08248290463863,0.018699472763134904,-0.6899459573239151,-0.289071615970994,-0.052419260605749696,-0.2844537464079546,0.0,-0.7595266536805081,0.33924504839342234
1,-2.093938387540654,-0.25673526891621856,-0.16064386578049977,-0.2468484471502831,-0.40439077885877345,-0.24943127457159794,0.7350883648998784,-0.12639003479138966,3.8600518131237567,-0.24494897427831783,0.16561024787993434,-0.6828828771298276,-0.14193312236751085,-0.14077257265148324,-0.34181347459928596,0.0,-0.7595266536805081,0.33924504839342234
1,-1.8824831931176853,-0.25673526891621856,-0.16064386578049977,-0.2468484471502831,-0.40439077885877345,-0.24943127457159794,1.506567242913612,-0.12639003479138966,-0.2590638800754199,-0.24494897427831783,0.30709760676006514,-0.6746426169033922,0.02972845350321951,-0.4352836128039284,-0.22709401821662326,0.0,-0.7595266536805081,0.33924504839342234
0,-1.6710279986947167,-0.25673526891621856,-0.16064386578049977,-0.2468484471502831,-0.40439077885877345,0.28650889646737615,-0.03639051311385537,-0.12639003479138966,-0.2590638800754199,-0.24494897427831783,0.30709760676006514,-0.6552191463696515,-0.7427486379150671,0.15373846750096193,0.8627408174186724,0.0,-0.7595266536805081,0.33924504839342234
1,-1.4595728042717482,-0.25673526891621856,-0.16064386578049977,-0.2468484471502831,0.8321117949593994,0.28650889646737615,0.7350883648998784,-0.12639003479138966,-0.2590638800754199,-0.24494897427831783,0.30709760676006514,-0.6528647863049557,-0.6937024733805727,-0.08187036462099422,-0.8006913001299367,0.0,-0.7595266536805081,0.33924504839342234
1,-1.2481176098487796,-0.25673526891621856,-0.16064386578049977,-0.2468484471502831,2.068614368777572,0.28650889646737615,1.506567242913612,-0.12639003479138966,-0.2590638800754199,-0.24494897427831783,0.30709760676006514,-0.6446245260785203,-0.5220408975098424,-0.08187036462099422,-0.22709401821662326,0.0,-0.7595266536805081,0.33924504839342234
1,-1.036662415425811,-0.25673526891621856,-0.16064386578049977,-0.2468484471502831,3.305116942595745,0.28650889646737615,2.2780461209273457,7.912016177940992,-0.2590638800754199,-0.24494897427831783,0.30709760676006514,-0.6446245260785203,-0.5220408975098424,-1.0537567971240633,-1.030130212895262,0.0,-0.7595266536805081,0.33924504839342234
0,-1.2481176098487796,-0.25673526891621856,-0.16064386578049977,-0.2468484471502831,-0.40439077885877345,0.8224490675063503,-0.03639051311385537,-0.12639003479138966,-0.2590638800754199,-0.24494897427831783,0.22033521714585927,-0.6440359360623463,-0.7427486379150671,-1.1421101091697967,-0.9727704847039308,0.0,-0.7595266536805081,0.33924504839342234
1,-1.036662415425811,-0.25673526891621856,-0.16064386578049977,-0.2468484471502831,-0.40439077885877345,0.8224490675063503,-0.8078693911275893,-0.12639003479138966,-0.2590638800754199,-0.24494897427831783,0.35578565116526545,-0.6393272159329546,-0.6446563088460783,-1.318816733261264,-0.5712523873646114,0.0,-0.7595266536805081,0.33924504839342234
1,-0.8252072210028426,-0.25673526891621856,-0.16064386578049977,-0.2468484471502831,-0.40439077885877345,0.8224490675063503,-0.03639051311385537,-0.12639003479138966,-0.2590638800754199,-0.24494897427831783,0.48648752843446663,-0.634618495803563,-0.5465639797770896,-1.0832079011393079,-0.5712523873646114,0.0,-0.7595266536805081,0.33924504839342234
1,-0.613752026579874,-0.25673526891621856,-0.16064386578049977,-0.2468484471502831,-0.40439077885877345,0.8224490675063503,0.7350883648998784,-0.12639003479138966,-0.2590638800754199,-0.24494897427831783,0.6126739822306051,-0.6269668255933015,-0.3871639450399828,-0.7297946529563736,-0.2844537464079546,0.0,-0.7595266536805081,0.33924504839342234
0,-0.8252072210028426,-0.25673526891621856,-0.16064386578049977,-0.2468484471502831,-0.40439077885877345,0.8224490675063503,1.506567242913612,-0.12639003479138966,-0.2590638800754199,-0.24494897427831783,0.5266232626203052,-0.6146064352536483,-0.12967158123388725,-0.34693030075819487,0.1744240791226962,0.0,-0.7595266536805081,0.542408749691178
0,-1.036662415425811,-0.25673526891621856,-0.16064386578049977,-0.2468484471502831,-0.40439077885877345,0.8224490675063503,0.7350883648998784,-0.12639003479138966,-0.2590638800754199,-0.24494897427831783,0.44343149319811426,-0.6098977151242567,-0.03157925216489848,-0.34693030075819487,-0.5712523873646114,0.0,-0.7595266536805081,0.542408749691178
0,-1.2481176098487796,-0.25673526891621856,-0.16064386578049977,-0.2468484471502831,-0.40439077885877345,0.8224490675063503,-0.03639051311385537,-0.12639003479138966,-0.2590638800754199,-0.24494897427831783,0.3629759722392186,-0.5969487347684296,0.23817465277482064,-0.08187036462099422,0.23178380731402753,0.0,-0.7595266536805081,0.542408749691178
0,-1.4595728042717482,-0.25673526891621856,-0.16064386578049977,-0.2468484471502831,-0.40439077885877345,0.8224490675063503,-0.8078693911275893,-0.12639003479138966,-0.2590638800754199,-0.24494897427831783,0.28510945767384627,-0.5940057846875598,0.29948235844293863,-0.5530880288649065,-0.7433315719386054,0.0,-0.7595266536805081,0.7455724509889338
0,-1.2481176098487796,-0.25673526891621856,-0.16064386578049977,-0.2468484471502831,-0.40439077885877345,0.8224490675063503,-0.03639051311385537,-0.12639003479138966,3.8600518131237567,-0.24494897427831783,0.28510945767384627,-0.5739937241376452,-0.7427486379150671,0.21264067553145094,0.9201005456100038,0.0,-0.7595266536805081,0.7455724509889338
0,-1.4595728042717482,-0.25673526891621856,-0.16064386578049977,-0.2468484471502831,-0.40439077885877345,0.8224490675063503,0.7350883648998784,-0.12639003479138966,-0.2590638800754199,-0.24494897427831783,0.28510945767384627,-0.5698735940244275,-0.6569178499797019,-0.2291258846972168,-0.6286121155559428,0.0,-0.7595266536805081,0.9487361522866895
1,-1.2481176098487796,-0.25673526891621856,-0.16064386578049977,-0.2468484471502831,0.8321117949593994,0.8224490675063503,-0.03639051311385537,-0.12639003479138966,-0.2590638800754199,-0.24494897427831783,0.28510945767384627,-0.5698735940244275,-0.6569178499797019,-0.3763814047734394,-1.030130212895262,0.0,-0.7595266536805081,0.9487361522866895
1,-1.036662415425811,-0.25673526891621856,-0.16064386578049977,-0.2468484471502831,2.068614368777572,0.8224490675063503,0.7350883648998784,-0.12639003479138966,-0.2590638800754199,-0.24494897427831783,0.28510945767384627,-0.56281051383034,-0.5097793563762187,-1.0243056931088188,-0.34181347459928596,0.0,-0.7595266536805081,0.9487361522866895
1,-0.8252072210028426,-0.25673526891621856,-0.16064386578049977,-0.2468484471502831,3.305116942595745,0.8224490675063503,1.506567242913612,-0.12639003479138966,-0.2590638800754199,4.08248290463863,0.28510945767384627,-0.5551588436200785,-0.350379321639112,-0.8475990690173516,-0.2844537464079546,0.0,-0.7595266536805081,0.9487361522866895
0,-1.036662415425811,-0.25673526891621856,-0.16064386578049977,-0.2468484471502831,-0.40439077885877345,1.3583892385453242,-0.03639051311385537,-0.12639003479138966,-0.2590638800754199,-0.24494897427831783,0.20970924777718436,-0.5469185833936431,-0.7427486379150671,-0.4352836128039284,-0.22709401821662326,0.0,-0.7595266536805081,0.9487361522866895
0,-1.2481176098487796,-0.25673526891621856,-0.16064386578049977,-0.2468484471502831,-0.40439077885877345,1.3583892385453242,-0.8078693911275893,-0.12639003479138966,-0.2590638800754199,-0.24494897427831783,0.1366771811693842,-0.5404440932157295,-0.6078716854452075,-0.46473471681917294,-0.3991732027906173,0.0,-0.7595266536805081,1.1518998535844451
0,-1.4595728042717482,-0.25673526891621856,-0.16064386578049977,-0.2468484471502831,-0.40439077885877345,1.3583892385453242,-1.579348269141323,-0.12639003479138966,-0.2590638800754199,-0.24494897427831783,0.06589055612563421,-0.5404440932157295,-0.6078716854452075,-0.8475990690173516,-1.030130212895262,0.0,-0.7595266536805081,1.1518998535844451
1,-1.2481176098487796,-0.25673526891621856,-0.16064386578049977,-0.2468484471502831,-0.40439077885877345,1.3583892385453242,-2.350827147155057,-0.12639003479138966,3.8600518131237567,-0.24494897427831783,0.1831565945279775,-0.5380897331510337,-0.5588255209107131,-1.1421101091697967,-0.8006913001299367,0.0,-0.7595266536805081,1.1518998535844451
1,-1.036662415425811,-0.25673526891621856,-0.16064386578049977,-0.2468484471502831,-0.40439077885877345,1.3583892385453242,-1.579348269141323,-0.12639003479138966,-0.2590638800754199,-0.24494897427831783,0.29692563377319287,-0.5345581930539899,-0.48525627410897154,-1.2893656292460194,-0.685971843747274,0.0,-0.7595266536805081,1.1518998535844451
1,-0.8252072210028426,-0.25673526891621856,-0.16064386578049977,-0.2468484471502831,-0.40439077885877345,1.3583892385453242,-0.8078693911275893,-0.12639003479138966,3.8600518131237567,-0.24494897427831783,0.40734491593105415,-0.5257293428113805,-0.3013331571046176,-0.8475990690173516,-0.16973429002529192,0.0,-0.7595266536805081,1.1518998535844451
0,-1.036662415425811,-0.25673526891621856,-0.16064386578049977,-0.2468484471502831,-0.40439077885877345,1.3583892385453242,-0.03639051311385537,-0.12639003479138966,-0.2590638800754199,-0.24494897427831783,0.33673007330204047,-0.5080716423261618,0.06651307690409029,-0.08187036462099422,0.6906616328446783,0.0,-0.7595266536805081,1.1518998535844451
0,-1.2481176098487796,-0.25673526891621856,-0.16064386578049977,-0.2468484471502831,-0.40439077885877345,1.3583892385453242,-0.8078693911275893,-0.12639003479138966,-0.2590638800754199,-0.24494897427831783,0.26813980913241664,-0.4645159811292888,0.9738671207922365,1.920804708415633,3.2144896732632575,0.0,-0.7595266536805081,1.1518998535844451
0,-1.4595728042717482,-0.25673526891621856,-0.16064386578049977,-0.2468484471502831,-0.40439077885877345,1.3583892385453242,-0.03639051311385537,-0.12639003479138966,-0.2590638800754199,-0.24494897427831783,0.26813980913241664,-0.4603958510160711,-0.7427486379150671,1.6851958762936767,-0.6286121155559428,0.0,-0.7595266536805081,1.355063554882201
1,-1.2481176098487796,-0.25673526891621856,-0.16064386578049977,-0.2468484471502831,0.8321117949593994,1.3583892385453242,-0.8078693911275893,-0.12639003479138966,-0.2590638800754199,-0.24494897427831783,0.26813980913241664,-0.4574529009352013,-0.6814409322469491,0.9489182759125638,-0.7433315719386054,0.0,-0.7595266536805081,1.355063554882201
0,-1.4595728042717482,-0.25673526891621856,-0.16064386578049977,-0.2468484471502831,0.8321117949593994,1.3583892385453242,-0.03639051311385537,-0.12639003479138966,-0.2590638800754199,-0.24494897427831783,0.26813980913241664,-0.4545099508543315,-0.6201332265788311,-1.0832079011393079,-0.7433315719386054,0.0,-0.7595266536805081,1.5582272561799566
0,-1.6710279986947167,-0.25673526891621856,-0.16064386578049977,-0.2468484471502831,0.8321117949593994,1.3583892385453242,-0.8078693911275893,-0.12639003479138966,-0.2590638800754199,-0.24494897427831783,0.26813980913241664,-0.4492126407087659,-0.5097793563762187,-1.0243056931088188,-0.51389265917328,0.0,-0.7595266536805081,1.7613909574777125
1,-1.4595728042717482,-0.25673526891621856,-0.16064386578049977,-0.2468484471502831,2.068614368777572,1.3583892385453242,-1.579348269141323,-0.12639003479138966,-0.2590638800754199,-0.24494897427831783,0.26813980913241664,-0.4374408403852867,-0.2645485337037468,-0.582539132880151,0.11706435093136484,0.0,-0.7595266536805081,1.7613909574777125
0,-1.6710279986947167,-0.25673526891621856,-0.16064386578049977,-0.2468484471502831,2.068614368777572,1.3583892385453242,-0.8078693911275893,-0.12639003479138966,-0.2590638800754199,-0.24494897427831783,0.26813980913241664,-0.419194549883894,0.11555924143858469,0.18318957151620643,0.7480213610360097,0.0,-0.7595266536805081,1.7613909574777125
0,-1.4595728042717482,-0.25673526891621856,-0.16064386578049977,-0.2468484471502831,-0.40439077885877345,1.3583892385453242,-0.03639051311385537,-0.12639003479138966,3.8600518131237567,-0.24494897427831783,0.20148823221481435,-0.4115428796736325,-0.7427486379150671,0.3009939875771845,-0.2844537464079546,0.0,-0.7595266536805081,1.7613909574777125
1,-1.2481176098487796,-0.25673526891621856,-0.16064386578049977,-0.2468484471502831,-0.40439077885877345,1.3583892385453242,0.7350883648998784,-0.12639003479138966,-0.2590638800754199,-0.24494897427831783,0.30709760676006514,-0.40212543941484913,-0.5465639797770896,0.18318957151620643,-0.11237456183396057,0.0,-0.7595266536805081,1.7613909574777125
1,-1.036662415425811,-0.25673526891621856,-0.16064386578049977,-0.2468484471502831,-0.40439077885877345,1.3583892385453242,1.506567242913612,-0.12639003479138966,-0.2590638800754199,-0.24494897427831783,0.40981122059976527,-0.39035363909136994,-0.3013331571046176,-0.14077257265148324,0.11706435093136484,0.0,-0.7595266536805081,1.7613909574777125
0,-1.2481176098487796,-0.25673526891621856,-0.16064386578049977,-0.2468484471502831,-0.40439077885877345,1.3583892385453242,2.2780461209273457,-0.12639003479138966,-0.2590638800754199,-0.24494897427831783,0.3439449347209566,-0.36327849834736786,0.26269773504206784,0.8311138598515858,1.60841728390598,0.0,-0.7595266536805081,1.7613909574777125
0,-1.4595728042717482,-0.25673526891621856,-0.16064386578049977,-0.2468484471502831,-0.40439077885877345,1.3583892385453242,1.506567242913612,-0.12639003479138966,-0.2590638800754199,-0.24494897427831783,0.27983328350695164,-0.35798118820180225,0.37305160524468023,0.6249561317448742,-0.51389265917328,0.0,-0.7595266536805081,1.7613909574777125
0,-1.6710279986947167,-0.25673526891621856,-0.16064386578049977,-0.2468484471502831,-0.40439077885877345,1.3583892385453242,0.7350883648998784,-0.12639003479138966,-0.2590638800754199,-0.24494897427831783,0.21740264592286476,-0.32619732732840845,1.0351748264603544,1.6262936682631877,2.0672951094366305,0.0,-0.7595266536805081,1.9645546587754683
1,-1.4595728042717482,-0.25673526891621856,-0.16064386578049977,-0.2468484471502831,-0.40439077885877345,1.3583892385453242,-0.03639051311385537,-0.12639003479138966,-0.2590638800754199,-0.24494897427831783,0.31594440111897404,-0.29147051637414484,1.7586057533441466,2.0091580204613666,2.3540937503932873,0.0,-0.7595266536805081,1.9645546587754683
1,-1.2481176098487796,-0.25673526891621856,-0.16064386578049977,-0.2468484471502831,-0.40439077885877345,1.3583892385453242,0.7350883648998784,-0.12639003479138966,-0.2590638800754199,-0.24494897427831783,0.41197077095644763,-0.2767557659697959,2.0651442816847365,2.4803756847052787,0.4038629918880216,0.0,-0.7595266536805081,1.9645546587754683
0,-1.036662415425811,-0.25673526891621856,-0.16064386578049977,-0.2468484471502831,-0.40439077885877345,1.8943294095842984,-0.03639051311385537,-0.12639003479138966,-0.2590638800754199,-0.24494897427831783,0.41197077095644763,-0.27204704584040423,-0.7427486379150671,1.125624900004031,-0.5712523873646114,0.0,-0.7595266536805081,1.9645546587754683
1,-0.8252072210028426,-0.25673526891621856,-0.16064386578049977,-0.2468484471502831,-0.40439077885877345,1.8943294095842984,0.7350883648998784,-0.12639003479138966,-0.2590638800754199,-0.24494897427831783,0.5055553764701725,-0.26557255566249066,-0.6078716854452075,-0.2880280927277058,-0.3991732027906173,0.0,-0.7595266536805081,1.9645546587754683
0,-1.036662415425811,-0.25673526891621856,-0.16064386578049977,-0.2468484471502831,-0.40439077885877345,1.8943294095842984,1.506567242913612,-0.12639003479138966,-0.2590638800754199,-0.24494897427831783,0.44343149319811426,-0.260863835533099,-0.5097793563762187,-0.7886968609868626,-0.5712523873646114,0.0,-0.7595266536805081,1.9645546587754683
1,-0.8252072210028426,-0.25673526891621856,-0.16064386578049977,-0.2468484471502831,0.8321117949593994,1.8943294095842984,0.7350883648998784,-0.12639003479138966,-0.2590638800754199,-0.24494897427831783,0.44343149319811426,-0.2514463952743156,-0.3135946982382412,-0.5530880288649065,-0.11237456183396057,0.0,-0.7595266536805081,1.9645546587754683
1,-0.613752026579874,-0.25673526891621856,-0.16064386578049977,-0.2468484471502831,2.068614368777572,1.8943294095842984,1.506567242913612,-0.12639003479138966,3.8600518131237567,-0.24494897427831783,0.44343149319811426,-0.24261754503170627,-0.12967158123388725,-0.4352836128039284,-0.16973429002529192,0.0,-0.7595266536805081,1.9645546587754683
0,-0.8252072210028426,-0.25673526891621856,-0.16064386578049977,-0.2468484471502831,2.068614368777572,1.8943294095842984,2.2780461209273457,-0.12639003479138966,-0.2590638800754199,-0.24494897427831783,0.3828413814861996,-0.23732023488614062,-0.01931771103127488,-0.4058325087886839,-0.51389265917328,0.0,-0.7595266536805081,1.9645546587754683
1,-0.613752026579874,-0.25673526891621856,-0.16064386578049977,-0.2468484471502831,2.068614368777572,1.8943294095842984,1.506567242913612,-0.12639003479138966,-0.2590638800754199,-0.24494897427831783,0.47335844387963677,-0.22260548448179165,0.28722081730931504,-0.14077257265148324,0.4038629918880216,0.0,-0.7595266536805081,1.9645546587754683
1,-0.40229683215690554,-0.25673526891621856,-0.16064386578049977,-0.2468484471502831,3.305116942595745,1.8943294095842984,2.2780461209273457,-0.12639003479138966,3.8600518131237567,-0.24494897427831783,0.47335844387963677,-0.2161309943038781,0.4220977697791746,-0.2585769887124613,-0.3991732027906173,0.0,-0.7595266536805081,1.9645546587754683
1,-0.19084163773393698,-0.25673526891621856,-0.16064386578049977,-0.2468484471502831,4.541619516413918,1.8943294095842984,3.0495249989410795,-0.12639003479138966,-0.2590638800754199,-0.24494897427831783,0.47335844387963677,-0.21377663423918225,0.47114393431366897,-0.4058325087886839,-0.8006913001299367,0.0,-0.7595266536805081,1.9645546587754683
0,0.020613556689031542,-0.25673526891621856,-0.16064386578049977,-0.2468484471502831,-0.40439077885877345,-1.3213116166495462,-0.03639051311385537,-0.12639003479138966,3.8600518131237567,-0.24494897427831783,0.41386037751854443,-0.18199277336578848,-0.7427486379150671,0.4482495076534071,2.0672951094366305,0.0,-0.7595266536805081,-1.4892282632863791
1,0.23206875111200007,-0.25673526891621856,-0.16064386578049977,-0.2468484471502831,-0.40439077885877345,-1.3213116166495462,0.7350883648998784,-0.12639003479138966,-0.2590638800754199,-0.24494897427831783,0.5018620545533466,-0.12901967191013217,0.36079006411105663,2.774886724857724,4.132245324324559,0.0,-0.7595266536805081,-1.4892282632863791
0,0.020613556689031542,-0.25673526891621856,-0.16064386578049977,-0.2468484471502831,-0.40439077885877345,-1.3213116166495462,1.506567242913612,-0.12639003479138966,-0.2590638800754199,-0.24494897427831783,0.44343149319811426,-0.09370427093969462,1.0964825321284724,4.424148549711417,2.411453478584619,0.0,-0.7595266536805081,-1.2860645619886235
1,0.23206875111200007,-0.25673526891621856,-0.16064386578049977,-0.2468484471502831,-0.40439077885877345,-1.3213116166495462,0.7350883648998784,-0.12639003479138966,-0.2590638800754199,-0.24494897427831783,0.5290404865990916,-0.08487542069708524,1.2804056491328264,3.2755554931168804,-0.16973429002529192,0.0,-0.7595266536805081,-1.2860645619886235
1,0.4435239455349686,-0.25673526891621856,-0.16064386578049977,-0.2468484471502831,-0.40439077885877345,-1.3213116166495462,1.506567242913612,-0.12639003479138966,-0.2590638800754199,-0.24494897427831783,0.6126739822306051,-0.07781234050299773,1.4275441427363096,0.9783693799278084,-0.34181347459928596,0.0,-0.7595266536805081,-1.2860645619886235
0,0.6549791399579371,-0.25673526891621856,-0.16064386578049977,-0.2468484471502831,-0.40439077885877345,-0.785371445610572,-0.03639051311385537,-0.12639003479138966,-0.2590638800754199,-0.24494897427831783,0.6126739822306051,-0.07545798043830189,-0.7427486379150671,-0.6708924449258845,-0.8006913001299367,0.0,-0.7595266536805081,-1.2860645619886235
1,0.8664343343809057,0.8616457655407335,-0.16064386578049977,-0.2468484471502831,-0.40439077885877345,-0.785371445610572,0.7350883648998784,-0.12639003479138966,-0.2590638800754199,-0.24494897427831783,0.6126739822306051,-0.06839490024421438,-0.5956101443115839,-0.7592457569716181,-0.34181347459928596,0.0,-0.7595266536805081,-1.2860645619886235
1,1.0778895288038741,1.9800267999976855,-0.16064386578049977,-0.2468484471502831,-0.40439077885877345,-0.785371445610572,1.506567242913612,-0.12639003479138966,-0.2590638800754199,-0.24494897427831783,0.6126739822306051,-0.06309759009864875,-0.48525627410897154,-0.8475990690173516,-0.51389265917328,0.0,-0.7595266536805081,-1.2860645619886235
1,1.2893447232268427,3.0984078344546377,-0.16064386578049977,-0.2468484471502831,-0.40439077885877345,-0.785371445610572,2.2780461209273457,-0.12639003479138966,-0.2590638800754199,-0.24494897427831783,0.6126739822306051,-0.05780027995308312,-0.3749024039063592,-0.700343548941129,-0.51389265917328,0.0,-0.7595266536805081,-1.2860645619886235
0,1.0778895288038741,-0.25673526891621856,-0.16064386578049977,-0.2468484471502831,-0.40439077885877345,-0.24943127457159794,-0.03639051311385537,-0.12639003479138966,-0.2590638800754199,-0.24494897427831783,0.5549796312242411,-0.024839239047341418,-0.7427486379150671,0.5955050277296297,2.1820145658192933,0.0,-0.7595266536805081,-1.2860645619886235
1,1.2893447232268427,-0.25673526891621856,-0.16064386578049977,-0.2468484471502831,-0.40439077885877345,-0.24943127457159794,-0.8078693911275893,-0.12639003479138966,-0.2590638800754199,-0.24494897427831783,0.6364413063265907,-0.01954192890177579,-0.6323947677124547,0.5955050277296297,-0.51389265917328,0.0,-0.7595266536805081,-1.2860645619886235
1,1.5007999176498112,-0.25673526891621856,-0.16064386578049977,-0.2468484471502831,-0.40439077885877345,-0.24943127457159794,-0.03639051311385537,-0.12639003479138966,-0.2590638800754199,-0.24494897427831783,0.7160992660742111,-0.01130166867534036,-0.46073319184172434,0.7427605478058522,-0.22709401821662326,0.0,-0.7595266536805081,-1.2860645619886235
1,1.7122551120727798,-0.25673526891621856,-0.16064386578049977,-0.2468484471502831,-0.40439077885877345,-0.24943127457159794,0.7350883648998784,-0.12639003479138966,-0.2590638800754199,-0.24494897427831783,0.7940025911570273,0.009887571906922164,-0.01931771103127488,0.15373846750096193,1.0348200019926665,0.0,-0.7595266536805081,-1.2860645619886235
0,1.5007999176498112,-0.25673526891621856,-0.16064386578049977,-0.2468484471502831,-0.40439077885877345,-0.24943127457159794,1.506567242913612,-0.12639003479138966,-0.2590638800754199,-0.24494897427831783,0.7368481277398344,0.012241931971617999,0.02972845350321951,0.006482947424739338,-0.8006913001299367,0.0,-0.7595266536805081,-1.0829008606908677
0,1.2893447232268427,-0.25673526891621856,-0.16064386578049977,-0.2468484471502831,-0.40439077885877345,-0.24943127457159794,0.7350883648998784,-0.12639003479138966,-0.2590638800754199,-0.24494897427831783,0.6809206815707564,0.020482192198053424,0.20139002937394987,0.006482947424739338,-0.22709401821662326,0.0,-0.7595266536805081,-1.0829008606908677
1,1.5007999176498112,-0.25673526891621856,-0.16064386578049977,-0.2468484471502831,-0.40439077885877345,-0.24943127457159794,-0.03639051311385537,-0.12639003479138966,-0.2590638800754199,-0.24494897427831783,0.7567135369868154,0.028722452424488853,0.37305160524468023,-0.64144134091064,-0.22709401821662326,0.0,-0.7595266536805081,-1.0829008606908677
0,1.2893447232268427,-0.25673526891621856,-0.16064386578049977,-0.2468484471502831,-0.40439077885877345,-0.24943127457159794,0.7350883648998784,-0.12639003479138966,-0.2590638800754199,-0.24494897427831783,0.7017554344437481,0.04049425274796803,0.6182824279171522,-0.17022367666672775,0.11706435093136484,0.0,-0.7595266536805081,-0.879737159393112
0,1.0778895288038741,-0.25673526891621856,-0.16064386578049977,-0.2468484471502831,-0.40439077885877345,-0.24943127457159794,-0.03639051311385537,-0.12639003479138966,-0.2590638800754199,-0.24494897427831783,0.6479384579414277,0.11289082473736499,2.1264519873528545,3.0399466609949246,6.025116354638493,0.0,-0.7595266536805081,-0.879737159393112
0,0.8664343343809057,-0.25673526891621856,-0.16064386578049977,-0.2468484471502831,-0.40439077885877345,-0.24943127457159794,-0.8078693911275893,-0.12639003479138966,-0.2590638800754199,-0.24494897427831783,0.5952257969624105,0.11524518480206082,2.175498151887349,2.7454356208424793,-0.8006913001299367,0.0,-0.7595266536805081,-0.879737159393112
0,1.0778895288038741,-0.25673526891621856,-0.16064386578049977,-0.2468484471502831,-0.40439077885877345,-0.24943127457159794,-0.03639051311385537,-0.12639003479138966,-0.2590638800754199,-0.24494897427831783,0.5952257969624105,0.12701698512554,-0.7427486379150671,2.7454356208424793,0.11706435093136484,0.0,-0.7595266536805081,-0.879737159393112
1,1.2893447232268427,-0.25673526891621856,3.032152966606933,-0.2468484471502831,-0.40439077885877345,-0.24943127457159794,0.7350883648998784,-0.12639003479138966,-0.2590638800754199,-0.24494897427831783,0.5952257969624105,0.13408006531962752,-0.5956101443115839,-0.523636924849662,-0.34181347459928596,0.0,-0.7595266536805081,-0.879737159393112
1,1.5007999176498112,-0.25673526891621856,6.224949798994365,-0.2468484471502831,-0.40439077885877345,-0.24943127457159794,1.506567242913612,-0.12639003479138966,3.8600518131237567,-0.24494897427831783,0.5952257969624105,0.1358458353681494,-0.5588255209107131,-0.5530880288649065,-0.8580510283212681,0.0,-0.7595266536805081,-0.879737159393112
1,1.7122551120727798,-0.25673526891621856,9.417746631381798,-0.2468484471502831,-0.40439077885877345,-0.24943127457159794,2.2780461209273457,-0.12639003479138966,-0.2590638800754199,-0.24494897427831783,0.5952257969624105,0.14055455549754106,-0.46073319184172434,-0.9065012770478407,-0.5712523873646114,0.0,-0.7595266536805081,-0.879737159393112
0,1.5007999176498112,-0.25673526891621856,-0.16064386578049977,-0.2468484471502831,-0.40439077885877345,0.28650889646737615,-0.03639051311385537,-0.12639003479138966,-0.2590638800754199,-0.24494897427831783,0.5435929111617348,0.15409212586954213,-0.7427486379150671,-0.582539132880151,0.2891435355053589,0.0,-0.7595266536805081,-0.879737159393112
0,1.2893447232268427,-0.25673526891621856,-0.16064386578049977,-0.2468484471502831,-0.40439077885877345,0.28650889646737615,-0.8078693911275893,-0.12639003479138966,-0.2590638800754199,-0.24494897427831783,0.49300299002195686,0.1588008459989338,-0.6446563088460783,-0.4352836128039284,-0.5712523873646114,0.0,-0.7595266536805081,-0.879737159393112
0,1.0778895288038741,-0.25673526891621856,-0.16064386578049977,-0.2468484471502831,-0.40439077885877345,0.28650889646737615,-1.579348269141323,-0.12639003479138966,-0.2590638800754199,-0.24494897427831783,0.44343149319811426,0.16939546629006505,-0.42394856844085355,-0.14077257265148324,0.0023448945487021416,0.0,-0.7595266536805081,-0.6765734580953563
0,0.8664343343809057,-0.25673526891621856,-0.16064386578049977,-0.2468484471502831,-0.40439077885877345,0.28650889646737615,-2.350827147155057,-0.12639003479138966,-0.2590638800754199,-0.24494897427831783,0.39484161017276326,0.1758699564679786,-0.289071615970994,-0.4941858208344174,-0.3991732027906173,0.0,-0.7595266536805081,-0.6765734580953563
0,0.6549791399579371,-0.25673526891621856,-0.16064386578049977,-0.2468484471502831,-0.40439077885877345,0.28650889646737615,-0.03639051311385537,-0.12639003479138966,-0.2590638800754199,-0.24494897427831783,0.39484161017276326,0.18411021669441402,-0.7427486379150671,-0.31747919674295033,-0.22709401821662326,0.0,-0.7595266536805081,-0.47340975679760056
0,0.4435239455349686,-0.25673526891621856,-0.16064386578049977,-0.2468484471502831,-0.40439077885877345,0.28650889646737615,-0.8078693911275893,-0.12639003479138966,-0.2590638800754199,-0.24494897427831783,0.39484161017276326,0.18764175679145778,-0.6691793911133255,-0.6708924449258845,-0.685971843747274,0.0,-0.7595266536805081,-0.2702460554998448
1,0.6549791399579371,-0.25673526891621856,-0.16064386578049977,1.5371926027085812,-0.40439077885877345,0.28650889646737615,-1.579348269141323,-0.12639003479138966,-0.2590638800754199,-0.24494897427831783,0.39484161017276326,0.19882496709876302,-0.43621010957447715,-0.4352836128039284,0.05970462274003349,0.0,-0.7595266536805081,-0.2702460554998448
0,0.4435239455349686,-0.25673526891621856,-0.16064386578049977,1.5371926027085812,-0.40439077885877345,0.28650889646737615,-0.8078693911275893,-0.12639003479138966,-0.2590638800754199,-0.24494897427831783,0.39484161017276326,0.2117739474545901,-0.16645620463475805,-0.19967478068197228,0.23178380731402753,0.0,-0.7595266536805081,-0.2702460554998448
0,0.23206875111200007,-0.25673526891621856,-0.16064386578049977,1.5371926027085812,-0.40439077885877345,0.28650889646737615,-1.579348269141323,-0.12639003479138966,-0.2590638800754199,-0.24494897427831783,0.39484161017276326,0.21707125760015575,-0.05610233443214567,-0.11132146863623872,-0.51389265917328,0.0,0.25105692736719715,-0.06708235420208912
0,0.020613556689031542,-0.25673526891621856,-0.16064386578049977,-0.2468484471502831,-0.40439077885877345,0.28650889646737615,-0.03639051311385537,-0.12639003479138966,-0.2590638800754199,-0.24494897427831783,0.3471965304284606,0.23531754810154848,-0.7427486379150671,0.24209177954669547,0.7480213610360097,0.0,0.25105692736719715,0.1360813470956666
1,0.23206875111200007,-0.25673526891621856,-0.16064386578049977,-0.2468484471502831,-0.40439077885877345,0.28650889646737615,-0.8078693911275893,-0.12639003479138966,-0.2590638800754199,-0.24494897427831783,0.41960281823972256,0.24944370848972347,-0.44847165070810074,0.3009939875771845,0.34650326369669027,0.0,0.25105692736719715,0.1360813470956666
0,0.020613556689031542,-0.25673526891621856,-0.16064386578049977,-0.2468484471502831,-0.40439077885877345,0.28650889646737615,-0.03639051311385537,-0.12639003479138966,-0.2590638800754199,-0.24494897427831783,0.3726448681543643,0.2500322985058974,-0.43621010957447715,0.06538515545522837,-0.9727704847039308,0.0,0.25105692736719715,0.1360813470956666
1,0.23206875111200007,-0.25673526891621856,-0.16064386578049977,-0.2468484471502831,-0.40439077885877345,0.28650889646737615,-0.8078693911275893,-0.12639003479138966,-0.2590638800754199,-0.24494897427831783,0.44343149319811426,0.25709537869998494,-0.289071615970994,-0.4941858208344174,-0.34181347459928596,0.0,0.25105692736719715,0.1360813470956666
1,0.4435239455349686,-0.25673526891621856,-0.16064386578049977,-0.2468484471502831,-0.40439077885877345,0.28650889646737615,-0.03639051311385537,-0.12639003479138966,-0.2590638800754199,-0.24494897427831783,0.5128806694414187,0.2747530791852037,0.07877461803771389,-0.31747919674295033,0.6906616328446783,0.0,0.25105692736719715,0.1360813470956666
0,0.23206875111200007,-0.25673526891621856,-0.16064386578049977,-0.2468484471502831,-0.40439077885877345,0.28650889646737615,0.7350883648998784,-0.12639003479138966,-0.2590638800754199,-0.24494897427831783,0.46636444556538154,0.2794617993145954,0.17686694710670267,-0.11132146863623872,-0.5712523873646114,0.0,0.25105692736719715,0.1360813470956666
0,0.020613556689031542,-0.25673526891621856,-0.16064386578049977,-0.2468484471502831,-0.40439077885877345,0.28650889646737615,-0.03639051311385537,-0.12639003479138966,-0.2590638800754199,-0.24494897427831783,0.4207071337630257,0.28358192942781313,0.26269773504206784,-0.2585769887124613,-0.6286121155559428,0.0,0.25105692736719715,0.1360813470956666
0,-0.19084163773393698,-0.25673526891621856,-0.16064386578049977,-0.2468484471502831,-0.40439077885877345,0.28650889646737615,-0.8078693911275893,-0.12639003479138966,-0.2590638800754199,-0.24494897427831783,0.3758841936893875,0.3053597600262496,0.716374756986141,-0.052419260605749696,1.0921797301839977,0.0,0.25105692736719715,0.1360813470956666
0,0.020613556689031542,-0.25673526891621856,-0.16064386578049977,-0.2468484471502831,-0.40439077885877345,0.28650889646737615,-0.03639051311385537,-0.12639003479138966,-0.2590638800754199,-0.24494897427831783,0.3758841936893875,0.3083027101071194,-0.7427486379150671,-0.14077257265148324,-0.7433315719386054,0.0,0.25105692736719715,0.1360813470956666
1,0.23206875111200007,-0.25673526891621856,-0.16064386578049977,-0.2468484471502831,0.8321117949593994,0.28650889646737615,0.7350883648998784,-0.12639003479138966,-0.2590638800754199,4.08248290463863,0.3758841936893875,0.33773221091581734,-0.12967158123388725,1.125624900004031,1.8378561966713052,0.0,0.25105692736719715,0.1360813470956666
1,0.4435239455349686,-0.25673526891621856,-0.16064386578049977,-0.2468484471502831,2.068614368777572,0.28650889646737615,1.506567242913612,-0.12639003479138966,-0.2590638800754199,-0.24494897427831783,0.3758841936893875,0.3383208009319913,-0.11741004010026365,0.06538515545522837,-0.9727704847039308,0.0,0.25105692736719715,0.1360813470956666
0,0.23206875111200007,-0.25673526891621856,-0.16064386578049977,-0.2468484471502831,2.068614368777572,0.28650889646737615,2.2780461209273457,-0.12639003479138966,-0.2590638800754199,-0.24494897427831783,0.3758841936893875,0.3453838811260788,0.02972845350321951,0.27154288356194,-0.34181347459928596,0.0,0.25105692736719715,0.1360813470956666
1,0.4435239455349686,-0.25673526891621856,-0.16064386578049977,-0.2468484471502831,3.305116942595745,0.28650889646737615,1.506567242913612,-0.12639003479138966,-0.2590638800754199,-0.24494897427831783,0.3758841936893875,0.3477382411907746,0.07877461803771389,-1.0832079011393079,-0.8006913001299367,0.0,0.25105692736719715,0.1360813470956666
0,0.6549791399579371,-0.25673526891621856,-0.16064386578049977,-0.2468484471502831,-0.40439077885877345,0.8224490675063503,-0.03639051311385537,-0.12639003479138966,-0.2590638800754199,-0.24494897427831783,0.3318833551719868,0.3624529915951236,-0.7427486379150671,-0.3763814047734394,0.4038629918880216,0.0,0.25105692736719715,0.1360813470956666
0,0.4435239455349686,-0.25673526891621856,-0.16064386578049977,-0.2468484471502831,-0.40439077885877345,0.8224490675063503,0.7350883648998784,-0.12639003479138966,-0.2590638800754199,-0.24494897427831783,0.288667807693379,0.36304158161129757,-0.7304870967814435,-0.700343548941129,-0.9727704847039308,0.0,0.25105692736719715,0.1360813470956666
0,0.23206875111200007,-0.25673526891621856,-0.16064386578049977,-0.2468484471502831,-0.40439077885877345,0.8224490675063503,-0.03639051311385537,-0.12639003479138966,-0.2590638800754199,-0.24494897427831783,0.24623755125356558,0.39482544248469137,-0.06836387556576927,0.7722116518210967,2.0672951094366305,0.0,0.25105692736719715,0.1360813470956666
0,0.020613556689031542,-0.25673526891621856,-0.16064386578049977,-0.2468484471502831,-0.40439077885877345,0.8224490675063503,-0.8078693911275893,-0.12639003479138966,-0.2590638800754199,-0.24494897427831783,0.2045435051626205,0.3989455725979091,0.01746691236959591,0.24209177954669547,-0.6286121155559428,0.0,0.25105692736719715,0.1360813470956666
0,-0.19084163773393698,-0.25673526891621856,-0.16064386578049977,-0.2468484471502831,-0.40439077885877345,0.8224490675063503,-1.579348269141323,-0.12639003479138966,-0.2590638800754199,-0.24494897427831783,0.1635856694205444,0.40247711269495284,0.09103615917133749,0.38934729962291803,-0.685971843747274,0.0,0.25105692736719715,0.1360813470956666
0,0.020613556689031542,-0.25673526891621856,-0.16064386578049977,-0.2468484471502831,-0.40439077885877345,0.8224490675063503,-0.03639051311385537,7.912016177940992,-0.2590638800754199,-0.24494897427831783,0.1635856694205444,0.40247711269495284,-0.7427486379150671,-1.2010123172002858,-1.030130212895262,0.0,0.25105692736719715,0.1360813470956666
1,0.23206875111200007,-0.25673526891621856,-0.16064386578049977,-0.2468484471502831,0.8321117949593994,0.8224490675063503,0.7350883648998784,-0.12639003479138966,-0.2590638800754199,-0.24494897427831783,0.1635856694205444,0.40483147275964865,-0.6937024733805727,-1.2893656292460194,-0.8006913001299367,0.0,0.25105692736719715,0.1360813470956666
1,0.4435239455349686,-0.25673526891621856,-0.16064386578049977,-0.2468484471502831,2.068614368777572,0.8224490675063503,1.506567242913612,-0.12639003479138966,-0.2590638800754199,-0.24494897427831783,0.1635856694205444,0.40777442284051846,-0.6323947677124547,-1.318816733261264,-0.7433315719386054,0.0,0.25105692736719715,0.1360813470956666
1,0.6549791399579371,-0.25673526891621856,-0.16064386578049977,-0.2468484471502831,3.305116942595745,0.8224490675063503,2.2780461209273457,-0.12639003479138966,-0.2590638800754199,-0.24494897427831783,0.1635856694205444,0.4130717329860841,-0.5220408975098424,-1.0537567971240633,-0.51389265917328,0.0,0.25105692736719715,0.1360813470956666
0,0.4435239455349686,-0.25673526891621856,-0.16064386578049977,-0.2468484471502831,-0.40439077885877345,1.3583892385453242,-0.03639051311385537,-0.12639003479138966,-0.2590638800754199,-0.24494897427831783,0.12333950368237498,0.42484353330956326,-0.7427486379150671,-0.582539132880151,0.11706435093136484,0.0,0.25105692736719715,0.33924504839342234
1,0.6549791399579371,-0.25673526891621856,-0.16064386578049977,-0.2468484471502831,-0.40439077885877345,1.3583892385453242,-0.8078693911275893,-0.12639003479138966,-0.2590638800754199,-0.24494897427831783,0.189561624563137,0.43014084345512893,-0.6323947677124547,-0.46473471681917294,-0.51389265917328,0.0,0.25105692736719715,0.33924504839342234
0,0.4435239455349686,-0.25673526891621856,-0.16064386578049977,-0.2468484471502831,-0.40439077885877345,1.3583892385453242,-0.03639051311385537,-0.12639003479138966,-0.2590638800754199,-0.24494897427831783,0.1497817253792517,0.4454441838756518,-0.3135946982382412,0.035934051439983856,0.46122272007935294,0.0,0.25105692736719715,0.542408749691178
1,0.6549791399579371,-0.25673526891621856,-0.16064386578049977,-0.2468484471502831,-0.40439077885877345,1.3583892385453242,-0.8078693911275893,-0.12639003479138966,-0.2590638800754199,-0.24494897427831783,0.21466639745956814,0.4560388041667831,-0.09288695783301645,-0.02296815659050518,0.0023448945487021416,0.0,0.25105692736719715,0.542408749691178
1,0.8664343343809057,-0.25673526891621856,-0.16064386578049977,-0.2468484471502831,-0.40439077885877345,1.3583892385453242,-0.03639051311385537,-0.12639003479138966,-0.2590638800754199,-0.24494897427831783,0.2784590241890629,0.46722201447408834,0.14008232370583187,0.27154288356194,0.05970462274003349,0.0,0.25105692736719715,0.542408749691178
0,0.6549791399579371,-0.25673526891621856,-0.16064386578049977,-0.2468484471502831,-0.40439077885877345,1.3583892385453242,0.7350883648998784,-0.12639003479138966,-0.2590638800754199,-0.24494897427831783,0.23892452845480017,0.48252535489461124,0.45888239318004537,0.27154288356194,0.46122272007935294,0.0,0.25105692736719715,0.7455724509889338
0,0.4435239455349686,-0.25673526891621856,-0.16064386578049977,-0.2468484471502831,-0.40439077885877345,1.3583892385453242,-0.03639051311385537,-0.12639003479138966,-0.2590638800754199,-0.24494897427831783,0.20005262203451948,0.4889998450725248,0.593759345649905,0.06538515545522837,-0.3991732027906173,0.0,0.25105692736719715,0.7455724509889338
0,0.23206875111200007,-0.25673526891621856,-0.16064386578049977,-0.2468484471502831,-0.40439077885877345,1.3583892385453242,-0.8078693911275893,-0.12639003479138966,-0.2590638800754199,-0.24494897427831783,0.16181876458325917,0.4919427951533946,0.6550670513180229,-0.34693030075819487,-0.7433315719386054,0.0,0.25105692736719715,0.7455724509889338
0,0.4435239455349686,-0.25673526891621856,-0.16064386578049977,-0.2468484471502831,-0.40439077885877345,1.3583892385453242,-0.03639051311385537,7.912016177940992,-0.2590638800754199,-0.24494897427831783,0.16181876458325917,0.49253138516956857,-0.7427486379150671,-1.0832079011393079,-0.9727704847039308,0.0,0.25105692736719715,0.7455724509889338
1,0.6549791399579371,-0.25673526891621856,-0.16064386578049977,-0.2468484471502831,0.8321117949593994,1.3583892385453242,0.7350883648998784,-0.12639003479138966,-0.2590638800754199,4.08248290463863,0.16181876458325917,0.4954743352504384,-0.6814409322469491,-1.2599145252307749,-0.7433315719386054,0.0,0.25105692736719715,0.7455724509889338
0,0.4435239455349686,-0.25673526891621856,-0.16064386578049977,-0.2468484471502831,0.8321117949593994,1.3583892385453242,1.506567242913612,-0.12639003479138966,-0.2590638800754199,-0.24494897427831783,0.16181876458325917,0.5084233156062654,-0.41168702730722995,-0.7592457569716181,0.23178380731402753,0.0,0.25105692736719715,0.7455724509889338
0,0.23206875111200007,-0.25673526891621856,-0.16064386578049977,-0.2468484471502831,0.8321117949593994,1.3583892385453242,0.7350883648998784,-0.12639003479138966,-0.2590638800754199,-0.24494897427831783,0.16181876458325917,0.5254924260753102,-0.05610233443214567,0.06538515545522837,0.633301904653347,0.0,0.25105692736719715,0.9487361522866895
1,0.4435239455349686,-0.25673526891621856,-0.16064386578049977,-0.2468484471502831,2.068614368777572,1.3583892385453242,-0.03639051311385537,-0.12639003479138966,3.8600518131237567,-0.24494897427831783,0.16181876458325917,0.5396185864634853,0.23817465277482064,0.6249561317448742,0.34650326369669027,0.0,0.25105692736719715,0.9487361522866895
1,0.6549791399579371,-0.25673526891621856,-0.16064386578049977,-0.2468484471502831,3.305116942595745,1.3583892385453242,0.7350883648998784,-0.12639003479138966,-0.2590638800754199,4.08248290463863,0.16181876458325917,0.5613964170619218,0.6918516747188937,1.066722691973542,1.0921797301839977,0.0,0.25105692736719715,0.9487361522866895
0,0.4435239455349686,-0.25673526891621856,-0.16064386578049977,-0.2468484471502831,-0.40439077885877345,1.8943294095842984,-0.03639051311385537,-0.12639003479138966,-0.2590638800754199,-0.24494897427831783,0.12421068592853642,0.5825856576441842,-0.7427486379150671,1.2728804200802535,1.0348200019926665,0.0,0.25105692736719715,0.9487361522866895
1,0.6549791399579371,-0.25673526891621856,-0.16064386578049977,-0.2468484471502831,0.8321117949593994,1.8943294095842984,-0.8078693911275893,-0.12639003479138966,-0.2590638800754199,-0.24494897427831783,0.12421068592853642,0.5878829677897499,-0.6323947677124547,0.8311138598515858,-0.51389265917328,0.0,0.25105692736719715,0.9487361522866895
1,0.8664343343809057,-0.25673526891621856,-0.16064386578049977,-0.2468484471502831,2.068614368777572,1.8943294095842984,-0.03639051311385537,-0.12639003479138966,-0.2590638800754199,-0.24494897427831783,0.12421068592853642,0.6179010586146219,-0.0070561698976512825,1.243429316065009,1.8952159248626366,0.0,0.25105692736719715,0.9487361522866895
1,1.0778895288038741,-0.25673526891621856,-0.16064386578049977,-0.2468484471502831,2.068614368777572,1.8943294095842984,0.7350883648998784,-0.12639003479138966,-0.2590638800754199,-0.24494897427831783,0.1861505166133775,0.6220211887278395,0.07877461803771389,0.38934729962291803,-0.6286121155559428,0.0,0.25105692736719715,0.9487361522866895
0,0.8664343343809057,-0.25673526891621856,-0.16064386578049977,-0.2468484471502831,2.068614368777572,1.8943294095842984,1.506567242913612,-0.12639003479138966,-0.2590638800754199,-0.24494897427831783,0.1489473536505334,0.6390902991968843,0.4343593109127982,0.9783693799278084,0.633301904653347,0.0,0.25105692736719715,1.1518998535844451
0,0.6549791399579371,-0.25673526891621856,-0.16064386578049977,-0.2468484471502831,2.068614368777572,1.8943294095842984,0.7350883648998784,-0.12639003479138966,-0.2590638800754199,-0.24494897427831783,0.1489473536505334,0.6643996698923645,0.9616055796586128,0.7427605478058522,1.4363380993319859,0.0,0.25105692736719715,1.1518998535844451
0,0.4435239455349686,-0.25673526891621856,-0.16064386578049977,-0.2468484471502831,2.068614368777572,1.8943294095842984,-0.03639051311385537,-0.12639003479138966,-0.2590638800754199,-0.24494897427831783,0.1489473536505334,0.6773486502481917,1.231359484598332,1.1845271080345199,0.23178380731402753,0.0,0.25105692736719715,1.1518998535844451
1,0.6549791399579371,-0.25673526891621856,-0.16064386578049977,-0.2468484471502831,2.068614368777572,1.8943294095842984,-0.8078693911275893,-0.12639003479138966,-0.2590638800754199,4.08248290463863,0.20970924777718436,0.6879432705393229,1.4520672250035567,0.8605649638668303,0.0023448945487021416,0.0,0.25105692736719715,1.1518998535844451
0,0.4435239455349686,-0.25673526891621856,-0.16064386578049977,-0.2468484471502831,2.068614368777572,1.8943294095842984,-0.03639051311385537,-0.12639003479138966,-0.2590638800754199,-0.24494897427831783,0.17291100050621758,0.7356190618494136,2.445252056827068,1.9797069164461218,3.616007770602577,0.0,0.25105692736719715,1.1518998535844451
1,0.6549791399579371,-0.25673526891621856,-0.16064386578049977,-0.2468484471502831,3.305116942595745,1.8943294095842984,-0.8078693911275893,-0.12639003479138966,-0.2590638800754199,-0.24494897427831783,0.17291100050621758,0.7426821420435011,2.5923905504305513,1.6851958762936767,-0.34181347459928596,0.0,0.25105692736719715,1.1518998535844451
0,0.4435239455349686,-0.25673526891621856,-0.16064386578049977,-0.2468484471502831,3.305116942595745,1.8943294095842984,-0.03639051311385537,-0.12639003479138966,-0.2590638800754199,-0.24494897427831783,0.17291100050621758,0.7573968924478501,2.898929078771141,1.8913536044003885,0.4038629918880216,0.0,0.25105692736719715,1.1518998535844451
0,0.23206875111200007,-0.25673526891621856,-0.16064386578049977,-0.2468484471502831,3.305116942595745,1.8943294095842984,-0.8078693911275893,-0.12639003479138966,-0.2590638800754199,-0.24494897427831783,0.1366771811693842,0.7956552434991575,3.6959292524566747,1.4201359401564762,2.6982521195412756,0.0,0.25105692736719715,1.1518998535844451
0,0.020613556689031542,-0.25673526891621856,-0.16064386578049977,-0.2468484471502831,-0.40439077885877345,-1.3213116166495462,-0.03639051311385537,-0.12639003479138966,-0.2590638800754199,-0.24494897427831783,0.1366771811693842,0.8097814038873324,-0.7427486379150671,1.7735491883394103,0.34650326369669027,0.0,-0.7595266536805081,-1.4892282632863791
1,0.23206875111200007,0.8616457655407335,-0.16064386578049977,-0.2468484471502831,-0.40439077885877345,-1.3213116166495462,-0.8078693911275893,-0.12639003479138966,-0.2590638800754199,-0.24494897427831783,0.1366771811693842,0.8244961542916814,-0.43621010957447715,1.7735491883394103,0.4038629918880216,0.0,-0.7595266536805081,-1.4892282632863791
1,0.4435239455349686,1.9800267999976855,-0.16064386578049977,-0.2468484471502831,-0.40439077885877345,-1.3213116166495462,-0.03639051311385537,-0.12639003479138966,3.8600518131237567,-0.24494897427831783,0.1366771811693842,0.8345021845666387,-0.22776391030287602,0.35989619560767355,-0.055014833642629206,0.0,-0.7595266536805081,-1.4892282632863791
1,0.6549791399579371,3.0984078344546377,-0.16064386578049977,-0.2468484471502831,-0.40439077885877345,-1.3213116166495462,0.7350883648998784,-0.12639003479138966,-0.2590638800754199,-0.24494897427831783,0.1366771811693842,0.8345021845666387,-0.22776391030287602,-0.34693030075819487,-1.030130212895262,0.0,-0.7595266536805081,-1.4892282632863791
0,0.4435239455349686,3.0984078344546377,-0.16064386578049977,-0.2468484471502831,-0.40439077885877345,-1.3213116166495462,1.506567242913612,-0.12639003479138966,-0.2590638800754199,-0.24494897427831783,0.1366771811693842,0.8503941150033356,0.10329770030496109,-0.2880280927277058,0.5185824482706843,0.0,-0.7595266536805081,-1.4892282632863791
0,0.23206875111200007,3.0984078344546377,-0.16064386578049977,-0.2468484471502831,-0.40439077885877345,-1.3213116166495462,0.7350883648998784,-0.12639003479138966,-0.2590638800754199,-0.24494897427831783,0.1366771811693842,0.859222965245945,0.28722081730931504,-0.34693030075819487,-0.16973429002529192,0.0,-0.7595266536805081,-1.4892282632863791
1,0.4435239455349686,4.21678886891159,-0.16064386578049977,-0.2468484471502831,-0.40439077885877345,-1.3213116166495462,-0.03639051311385537,-0.12639003479138966,-0.2590638800754199,-0.24494897427831783,0.1366771811693842,0.8627545053429888,0.36079006411105663,-0.17022367666672775,-0.685971843747274,0.0,-0.7595266536805081,-1.4892282632863791
0,0.23206875111200007,4.21678886891159,-0.16064386578049977,-0.2468484471502831,-0.40439077885877345,-1.3213116166495462,0.7350883648998784,-0.12639003479138966,-0.2590638800754199,-0.24494897427831783,0.1366771811693842,0.8656974554238586,0.4220977697791746,-0.8181479650021071,-0.7433315719386054,0.0,-0.7595266536805081,-1.2860645619886235
1,0.4435239455349686,5.335169903368542,-0.16064386578049977,-0.2468484471502831,-0.40439077885877345,-1.3213116166495462,-0.03639051311385537,-0.12639003479138966,-0.2590638800754199,-0.24494897427831783,0.1366771811693842,0.8774692557473378,0.6673285924516466,-0.6708924449258845,0.11706435093136484,0.0,-0.7595266536805081,-1.2860645619886235
1,0.6549791399579371,6.4535509378254945,-0.16064386578049977,-0.2468484471502831,-0.40439077885877345,-1.3213116166495462,0.7350883648998784,-0.12639003479138966,-0.2590638800754199,-0.24494897427831783,0.1366771811693842,0.8804122058282076,0.7286362981197645,-0.700343548941129,-0.7433315719386054,0.0,-0.7595266536805081,-1.2860645619886235
0,0.4435239455349686,-0.25673526891621856,-0.16064386578049977,-0.2468484471502831,-0.40439077885877345,-0.785371445610572,-0.03639051311385537,-0.12639003479138966,-0.2590638800754199,-0.24494897427831783,0.10100778976668359,0.8810007958443815,-0.7427486379150671,-0.8181479650021071,-0.9727704847039308,0.0,-0.7595266536805081,-1.2860645619886235
0,0.23206875111200007,-0.25673526891621856,-0.16064386578049977,-0.2468484471502831,-0.40439077885877345,-0.785371445610572,-0.8078693911275893,-0.12639003479138966,-0.2590638800754199,-0.24494897427831783,0.06589055612563421,0.8851209259575992,-0.6569178499797019,-1.2010123172002858,-0.6286121155559428,0.0,-0.7595266536805081,-1.2860645619886235
0,0.020613556689031542,-0.25673526891621856,-0.16064386578049977,-0.2468484471502831,-0.40439077885877345,-0.785371445610572,-1.579348269141323,-0.12639003479138966,-0.2590638800754199,-0.24494897427831783,0.031300939901275124,0.8851209259575992,-0.6569178499797019,-1.3482678372765085,-1.030130212895262,0.0,-0.7595266536805081,-1.2860645619886235
1,0.23206875111200007,-0.25673526891621856,-0.16064386578049977,-0.2468484471502831,-0.40439077885877345,-0.785371445610572,-2.350827147155057,-0.12639003479138966,-0.2590638800754199,4.08248290463863,0.09019776781079089,0.8868866960061211,-0.6201332265788311,-1.2893656292460194,-0.8580510283212681,0.0,-0.7595266536805081,-1.2860645619886235
0,0.020613556689031542,-0.25673526891621856,-0.16064386578049977,-0.2468484471502831,-0.40439077885877345,-0.785371445610572,-1.579348269141323,-0.12639003479138966,-0.2590638800754199,-0.24494897427831783,0.05595171641590364,0.8951269562325566,-0.44847165070810074,-1.0832079011393079,-0.22709401821662326,0.0,-0.7595266536805081,-1.2860645619886235
0,-0.19084163773393698,-0.25673526891621856,-0.16064386578049977,-0.2468484471502831,-0.40439077885877345,-0.785371445610572,-0.03639051311385537,-0.12639003479138966,-0.2590638800754199,-0.24494897427831783,0.05595171641590364,0.8968927262810784,-0.7427486379150671,-0.9948545890935742,-0.8580510283212681,0.0,0.25105692736719715,-1.0829008606908677
0,-0.40229683215690554,-0.25673526891621856,-0.16064386578049977,-0.2468484471502831,-0.40439077885877345,-0.785371445610572,-0.8078693911275893,-0.12639003479138966,-0.2590638800754199,-0.24494897427831783,0.05595171641590364,0.8968927262810784,-0.7427486379150671,-1.0832079011393079,-1.030130212895262,0.0,1.2616405084149025,-0.879737159393112
0,-0.613752026579874,-0.25673526891621856,-0.16064386578049977,-0.2468484471502831,-0.40439077885877345,-0.785371445610572,-1.579348269141323,-0.12639003479138966,-0.2590638800754199,-0.24494897427831783,0.05595171641590364,0.8980699063134263,-0.7182255556478199,-1.436621149322242,-0.9154107565125995,0.0,2.2722240894626076,-0.6765734580953563
0,-0.8252072210028426,-0.25673526891621856,-0.16064386578049977,-0.2468484471502831,-0.40439077885877345,-0.785371445610572,-2.350827147155057,-0.12639003479138966,-0.2590638800754199,-0.24494897427831783,0.05595171641590364,0.9051329865075138,-0.5710870620443367,-1.1715612131850413,-0.34181347459928596,0.0,2.2722240894626076,-0.6765734580953563
0,-0.613752026579874,-0.25673526891621856,-0.16064386578049977,-0.2468484471502831,-0.40439077885877345,-0.785371445610572,-0.03639051311385537,-0.12639003479138966,-0.2590638800754199,-0.24494897427831783,0.0222210122652245,0.9222020969765586,-0.7427486379150671,-0.31747919674295033,0.633301904653347,0.0,2.2722240894626076,-0.6765734580953563
0,-0.8252072210028426,-0.25673526891621856,-0.16064386578049977,-0.2468484471502831,-0.40439077885877345,-0.785371445610572,0.7350883648998784,-0.12639003479138966,-0.2590638800754199,-0.24494897427831783,-0.011018884986208871,0.9257336370736023,-0.6691793911133255,-0.19967478068197228,-0.685971843747274,0.0,2.2722240894626076,-0.47340975679760056
1,-0.613752026579874,-0.25673526891621856,-0.16064386578049977,-0.2468484471502831,-0.40439077885877345,-0.785371445610572,-0.03639051311385537,-0.12639003479138966,-0.2590638800754199,-0.24494897427831783,0.04645460291549421,0.9433913375588212,-0.3013331571046176,0.330445091592429,0.6906616328446783,0.0,2.2722240894626076,-0.47340975679760056
1,-0.40229683215690554,-0.25673526891621856,-0.16064386578049977,-0.2468484471502831,-0.40439077885877345,-0.785371445610572,0.7350883648998784,-0.12639003479138966,-0.2590638800754199,-0.24494897427831783,0.10309371908847899,0.9728208383675191,0.31174389957656223,0.9489182759125638,1.8378561966713052,0.0,2.2722240894626076,-0.47340975679760056
1,-0.19084163773393698,-0.25673526891621856,-0.16064386578049977,-0.2468484471502831,-0.40439077885877345,-0.785371445610572,1.506567242913612,-0.12639003479138966,-0.2590638800754199,-0.24494897427831783,0.1589107337052263,0.9798839185616066,0.45888239318004537,1.125624900004031,-0.34181347459928596,0.0,2.2722240894626076,-0.47340975679760056
0,-0.40229683215690554,-0.25673526891621856,-0.16064386578049977,-0.2468484471502831,-0.40439077885877345,-0.24943127457159794,-0.03639051311385537,-0.12639003479138966,-0.2590638800754199,-0.24494897427831783,0.1589107337052263,1.0104905994026525,-0.7427486379150671,1.7735491883394103,1.952575653053968,0.0,2.2722240894626076,-0.47340975679760056
0,-0.613752026579874,-0.25673526891621856,-0.16064386578049977,-0.2468484471502831,-0.40439077885877345,-0.24943127457159794,-0.8078693911275893,-0.12639003479138966,-0.2590638800754199,-0.24494897427831783,0.1589107337052263,1.0222623997261318,-0.49751781524259514,0.8900160678820749,0.11706435093136484,0.0,2.2722240894626076,-0.2702460554998448
1,-0.40229683215690554,-0.25673526891621856,-0.16064386578049977,1.5371926027085812,-0.40439077885877345,-0.24943127457159794,-1.579348269141323,-0.12639003479138966,-0.2590638800754199,4.08248290463863,0.1589107337052263,1.0299140699363931,-0.3381177805054884,0.9194671718973193,-0.2844537464079546,0.0,2.2722240894626076,-0.2702460554998448
1,-0.19084163773393698,-0.25673526891621856,-0.16064386578049977,3.3212336525674453,-0.40439077885877345,-0.24943127457159794,-0.8078693911275893,-0.12639003479138966,-0.2590638800754199,-0.24494897427831783,0.1589107337052263,1.0405086902275245,-0.11741004010026365,-0.08187036462099422,0.0023448945487021416,0.0,2.2722240894626076,-0.2702460554998448
1,0.020613556689031542,-0.25673526891621856,-0.16064386578049977,5.10527470242631,-0.40439077885877345,-0.24943127457159794,-0.03639051311385537,-0.12639003479138966,-0.2590638800754199,-0.24494897427831783,0.1589107337052263,1.0475717704216119,0.02972845350321951,-0.31747919674295033,-0.34181347459928596,0.0,2.2722240894626076,-0.2702460554998448
1,0.23206875111200007,-0.25673526891621856,-0.16064386578049977,6.8893157522851745,-0.40439077885877345,-0.24943127457159794,0.7350883648998784,-0.12639003479138966,-0.2590638800754199,-0.24494897427831783,0.1589107337052263,1.0534576705833516,0.15234386483945547,-0.4058325087886839,-0.4565329309819487,0.0,2.2722240894626076,-0.2702460554998448
0,0.4435239455349686,-0.25673526891621856,-0.16064386578049977,-0.2468484471502831,-0.40439077885877345,0.28650889646737615,-0.03639051311385537,-0.12639003479138966,-0.2590638800754199,-0.24494897427831783,0.1256462961088313,1.0546348506156995,-0.7427486379150671,-0.8770501730325961,-0.9154107565125995,0.0,2.2722240894626076,-0.2702460554998448
0,0.23206875111200007,-0.25673526891621856,-0.16064386578049977,-0.2468484471502831,-0.40439077885877345,0.28650889646737615,0.7350883648998784,-0.12639003479138966,-0.2590638800754199,-0.24494897427831783,0.09286039523920055,1.0664066509391785,-0.49751781524259514,-0.64144134091064,0.11706435093136484,0.0,2.2722240894626076,-0.2702460554998448
0,0.020613556689031542,-0.25673526891621856,-0.16064386578049977,-0.2468484471502831,-0.40439077885877345,0.28650889646737615,-0.03639051311385537,-0.12639003479138966,-0.2590638800754199,-0.24494897427831783,0.06052849075137245,1.0940703816993547,0.07877461803771389,0.4482495076534071,1.6657770120973112,0.0,2.2722240894626076,-0.06708235420208912
1,0.23206875111200007,-0.25673526891621856,-0.16064386578049977,-0.2468484471502831,-0.40439077885877345,0.28650889646737615,-0.8078693911275893,-0.12639003479138966,-0.2590638800754199,4.08248290463863,0.11506940743008032,1.0964247417640505,0.12782078257220827,0.5071517156838962,-0.8006913001299367,0.0,2.2722240894626076,-0.06708235420208912
1,0.4435239455349686,-0.25673526891621856,-0.16064386578049977,-0.2468484471502831,-0.40439077885877345,0.28650889646737615,-0.03639051311385537,-0.12639003479138966,-0.2590638800754199,4.08248290463863,0.16884957341495754,1.118791162378661,0.593759345649905,1.0372715879582974,1.1495394583753291,0.0,2.2722240894626076,-0.06708235420208912
1,0.6549791399579371,-0.25673526891621856,-0.16064386578049977,-0.2468484471502831,-0.40439077885877345,0.28650889646737615,0.7350883648998784,-0.12639003479138966,-0.2590638800754199,-0.24494897427831783,0.22188125887848426,1.13056296270214,0.8389901683223769,0.24209177954669547,0.11706435093136484,0.0,2.2722240894626076,-0.06708235420208912
0,0.4435239455349686,-0.25673526891621856,-0.16064386578049977,-0.2468484471502831,-0.40439077885877345,0.8224490675063503,-0.03639051311385537,-0.12639003479138966,-0.2590638800754199,-0.24494897427831783,0.22188125887848426,1.1505750232520546,-0.7427486379150671,1.125624900004031,0.9201005456100038,0.0,2.2722240894626076,-0.06708235420208912
1,0.6549791399579371,-0.25673526891621856,-0.16064386578049977,-0.2468484471502831,0.8321117949593994,0.8224490675063503,-0.8078693911275893,-0.12639003479138966,3.8600518131237567,-0.24494897427831783,0.22188125887848426,1.1635240036078818,-0.47299473297534794,0.6544072357601187,0.23178380731402753,0.0,2.2722240894626076,-0.06708235420208912
1,0.8664343343809057,-0.25673526891621856,-0.16064386578049977,-0.2468484471502831,2.068614368777572,0.8224490675063503,-0.03639051311385537,-0.12639003479138966,-0.2590638800754199,-0.24494897427831783,0.22188125887848426,1.1641125936240557,-0.46073319184172434,0.09483625947047289,-0.9727704847039308,0.0,2.2722240894626076,-0.06708235420208912
1,1.0778895288038741,-0.25673526891621856,-0.16064386578049977,-0.2468484471502831,3.305116942595745,0.8224490675063503,0.7350883648998784,-0.12639003479138966,-0.2590638800754199,4.08248290463863,0.22188125887848426,1.1788273440284047,-0.15419466350113445,-0.17022367666672775,0.4038629918880216,0.0,2.2722240894626076,-0.06708235420208912
1,1.2893447232268427,-0.25673526891621856,-0.16064386578049977,-0.2468484471502831,4.541619516413918,0.8224490675063503,1.506567242913612,7.912016177940992,-0.2590638800754199,-0.24494897427831783,0.22188125887848426,1.1788273440284047,-0.15419466350113445,-0.8181479650021071,-1.030130212895262,0.0,2.2722240894626076,-0.06708235420208912
0,1.0778895288038741,-0.25673526891621856,-0.16064386578049977,-0.2468484471502831,-0.40439077885877345,1.3583892385453242,-0.03639051311385537,-0.12639003479138966,-0.2590638800754199,-0.24494897427831783,0.189561624563137,1.1817702941092745,-0.7427486379150671,-0.700343548941129,-0.7433315719386054,0.0,2.2722240894626076,-0.06708235420208912
1,1.2893447232268427,-0.25673526891621856,-0.16064386578049977,-0.2468484471502831,-0.40439077885877345,1.3583892385453242,-0.8078693911275893,-0.12639003479138966,-0.2590638800754199,-0.24494897427831783,0.24173439795298376,1.1858904242224924,-0.6569178499797019,-1.2304634212155303,-0.6286121155559428,0.0,2.2722240894626076,-0.06708235420208912
0,1.0778895288038741,-0.25673526891621856,-0.16064386578049977,-0.2468484471502831,-0.40439077885877345,1.3583892385453242,-0.03639051311385537,-0.12639003479138966,-0.2590638800754199,-0.24494897427831783,0.20970924777718436,1.190599144351884,-0.5588255209107131,-0.9948545890935742,-0.5712523873646114,0.0,2.2722240894626076,-0.06708235420208912
1,1.2893447232268427,-0.25673526891621856,-0.16064386578049977,-0.2468484471502831,-0.40439077885877345,1.3583892385453242,-0.8078693911275893,-0.12639003479138966,3.8600518131237567,-0.24494897427831783,0.2610353792658313,1.1935420944327537,-0.49751781524259514,-0.9948545890935742,-0.7433315719386054,0.0,2.2722240894626076,-0.06708235420208912
1,1.5007999176498112,-0.25673526891621856,-0.16064386578049977,-0.2468484471502831,-0.40439077885877345,1.3583892385453242,-0.03639051311385537,-0.12639003479138966,-0.2590638800754199,-0.24494897427831783,0.31167438109553397,1.2147313350150162,-0.05610233443214567,-0.14077257265148324,1.0348200019926665,0.0,2.2722240894626076,-0.06708235420208912
0,1.2893447232268427,-0.25673526891621856,-0.16064386578049977,-0.2468484471502831,-0.40439077885877345,1.3583892385453242,0.7350883648998784,-0.12639003479138966,-0.2590638800754199,-0.24494897427831783,0.27983328350695164,1.2235601852576257,0.12782078257220827,0.06538515545522837,-0.16973429002529192,0.0,2.2722240894626076,-0.06708235420208912
0,1.0778895288038741,-0.25673526891621856,-0.16064386578049977,-0.2468484471502831,-0.40439077885877345,1.3583892385453242,-0.03639051311385537,-0.12639003479138966,-0.2590638800754199,-0.24494897427831783,0.2484093717827288,1.2259145453223215,0.17686694710670267,0.035934051439983856,-0.8006913001299367,0.0,2.2722240894626076,-0.06708235420208912
0,0.8664343343809057,-0.25673526891621856,-0.16064386578049977,-0.2468484471502831,-0.40439077885877345,1.3583892385453242,-0.8078693911275893,-0.12639003479138966,-0.2590638800754199,-0.24494897427831783,0.21740264592286476,1.2323890355002352,0.31174389957656223,-0.700343548941129,-0.3991732027906173,0.0,2.2722240894626076,-0.06708235420208912
0,1.0778895288038741,-0.25673526891621856,-0.16064386578049977,-0.2468484471502831,-0.40439077885877345,1.3583892385453242,-0.03639051311385537,7.912016177940992,-0.2590638800754199,-0.24494897427831783,0.21740264592286476,1.2323890355002352,-0.7427486379150671,-1.1421101091697967,-1.030130212895262,0.0,2.2722240894626076,-0.06708235420208912
1,1.2893447232268427,-0.25673526891621856,-0.16064386578049977,-0.2468484471502831,0.8321117949593994,1.3583892385453242,0.7350883648998784,-0.12639003479138966,-0.2590638800754199,-0.24494897427831783,0.21740264592286476,1.2553440461310195,-0.2645485337037468,-0.11132146863623872,1.2068991865666605,0.0,2.2722240894626076,-0.06708235420208912
1,1.5007999176498112,-0.25673526891621856,-0.16064386578049977,-0.2468484471502831,2.068614368777572,1.3583892385453242,1.506567242913612,-0.12639003479138966,-0.2590638800754199,-0.24494897427831783,0.21740264592286476,1.2588755862280632,-0.19097928690200525,-0.2585769887124613,-0.685971843747274,0.0,2.2722240894626076,-0.06708235420208912
1,1.7122551120727798,-0.25673526891621856,-0.16064386578049977,-0.2468484471502831,3.305116942595745,1.3583892385453242,2.2780461209273457,-0.12639003479138966,-0.2590638800754199,-0.24494897427831783,0.21740264592286476,1.261229946292759,-0.14193312236751085,-0.14077257265148324,-0.8006913001299367,0.0,2.2722240894626076,-0.06708235420208912
0,1.5007999176498112,-0.25673526891621856,-0.16064386578049977,-0.2468484471502831,-0.40439077885877345,-1.3213116166495462,-0.03639051311385537,-0.12639003479138966,-0.2590638800754199,-0.24494897427831783,0.1868008357548787,1.2724131566000643,-0.7427486379150671,-0.7297946529563736,0.05970462274003349,0.0,-0.7595266536805081,-1.4892282632863791
1,1.7122551120727798,-0.25673526891621856,-0.16064386578049977,-0.2468484471502831,-0.40439077885877345,-1.3213116166495462,-0.8078693911275893,-0.12639003479138966,-0.2590638800754199,-0.24494897427831783,0.236274171198872,1.276533286713282,-0.6569178499797019,-0.700343548941129,-0.6286121155559428,0.0,-0.7595266536805081,-1.4892282632863791
0,1.5007999176498112,-0.25673526891621856,-0.16064386578049977,-0.2468484471502831,-0.40439077885877345,-1.3213116166495462,-0.03639051311385537,-0.12639003479138966,-0.2590638800754199,-0.24494897427831783,0.20594230482547152,1.2788876467779777,-0.6078716854452075,-0.700343548941129,-0.8006913001299367,0.0,-0.7595266536805081,-1.2860645619886235
0,1.2893447232268427,-0.25673526891621856,-0.16064386578049977,-0.2468484471502831,-0.40439077885877345,-1.3213116166495462,-0.8078693911275893,-0.12639003479138966,-0.2590638800754199,-0.24494897427831783,0.17600308397146752,1.2835963669073696,-0.5097793563762187,-1.0243056931088188,-0.5712523873646114,0.0,-0.7595266536805081,-1.2860645619886235
1,1.5007999176498112,-0.25673526891621856,-0.16064386578049977,-0.2468484471502831,-0.40439077885877345,-1.3213116166495462,-1.579348269141323,-0.12639003479138966,-0.2590638800754199,-0.24494897427831783,0.2246052371692994,1.291248037117631,-0.350379321639112,-0.8475990690173516,-0.2844537464079546,0.0,-0.7595266536805081,-1.2860645619886235
0,1.2893447232268427,-0.25673526891621856,-0.16064386578049977,-0.2468484471502831,-0.40439077885877345,-1.3213116166495462,-0.8078693911275893,-0.12639003479138966,-0.2590638800754199,-0.24494897427831783,0.19492368993739942,1.304785607489632,-0.06836387556576927,-0.2880280927277058,0.2891435355053589,0.0,-0.7595266536805081,-1.0829008606908677
0,1.0778895288038741,-0.25673526891621856,-0.16064386578049977,-0.2468484471502831,-0.40439077885877345,-1.3213116166495462,-0.03639051311385537,-0.12639003479138966,-0.2590638800754199,-0.24494897427831783,0.19492368993739942,1.3106715076513715,-0.7427486379150671,-0.2291258846972168,-0.4565329309819487,0.0,-0.7595266536805081,-1.0829008606908677
0,0.8664343343809057,-0.25673526891621856,-0.16064386578049977,-0.2468484471502831,-0.40439077885877345,-1.3213116166495462,-0.8078693911275893,-0.12639003479138966,-0.2590638800754199,-0.24494897427831783,0.19492368993739942,1.3142030477484155,-0.6691793911133255,-0.4352836128039284,-0.685971843747274,0.0,-0.7595266536805081,-0.879737159393112
0,0.6549791399579371,-0.25673526891621856,-0.16064386578049977,-0.2468484471502831,-0.40439077885877345,-1.3213116166495462,-1.579348269141323,-0.12639003479138966,-0.2590638800754199,-0.24494897427831783,0.19492368993739942,1.3177345878454592,-0.5956101443115839,-0.9359523810630852,-0.685971843747274,0.0,-0.7595266536805081,-0.879737159393112
0,0.4435239455349686,-0.25673526891621856,-0.16064386578049977,-0.2468484471502831,-0.40439077885877345,-1.3213116166495462,-2.350827147155057,-0.12639003479138966,-0.2590638800754199,-0.24494897427831783,0.19492368993739942,1.345398318605635,-0.01931771103127488,0.15373846750096193,1.6657770120973112,0.0,-0.7595266536805081,-0.879737159393112
0,0.6549791399579371,-0.25673526891621856,-0.16064386578049977,-0.2468484471502831,-0.40439077885877345,-1.3213116166495462,-0.03639051311385537,-0.12639003479138966,-0.2590638800754199,4.08248290463863,0.16561024787993434,1.3701190992849415,-0.7427486379150671,1.2139782120497644,1.3789783711406545,0.0,-0.7595266536805081,-0.879737159393112
0,0.4435239455349686,-0.25673526891621856,-0.16064386578049977,-0.2468484471502831,-0.40439077885877345,-1.3213116166495462,0.7350883648998784,-0.12639003479138966,-0.2590638800754199,-0.24494897427831783,0.1366771811693842,1.3860110297216384,-0.41168702730722995,1.8324513963698994,0.5185824482706843,0.0,-0.7595266536805081,-0.879737159393112
0,0.23206875111200007,-0.25673526891621856,-0.16064386578049977,-0.2468484471502831,-0.40439077885877345,-1.3213116166495462,-0.03639051311385537,-0.12639003479138966,-0.2590638800754199,-0.24494897427831783,0.10809994946078742,1.434864001064077,0.6060208867835285,2.8926911409187017,3.73072722698524,0.0,-0.7595266536805081,-0.879737159393112
0,0.020613556689031542,-0.25673526891621856,-0.16064386578049977,-0.2468484471502831,-0.40439077885877345,-1.3213116166495462,-0.8078693911275893,-0.12639003479138966,-0.2590638800754199,-0.24494897427831783,0.07986628258166316,1.4378069511449467,0.6673285924516466,1.8030002923546549,-0.7433315719386054,0.0,-0.7595266536805081,-0.879737159393112
0,-0.19084163773393698,-0.25673526891621856,-0.16064386578049977,-0.2468484471502831,-0.40439077885877345,-1.3213116166495462,-1.579348269141323,-0.12639003479138966,-0.2590638800754199,-0.24494897427831783,0.05198845070449224,1.4466358013875562,0.8512517094560005,1.4495870441717207,-0.16973429002529192,0.0,-0.7595266536805081,-0.6765734580953563
0,0.020613556689031542,-0.25673526891621856,-0.16064386578049977,-0.2468484471502831,-0.40439077885877345,-1.3213116166495462,-0.03639051311385537,-0.12639003479138966,-0.2590638800754199,-0.24494897427831783,0.05198845070449224,1.4548760616139915,-0.7427486379150671,-0.582539132880151,-0.22709401821662326,0.0,-0.7595266536805081,-0.6765734580953563
1,0.23206875111200007,-0.25673526891621856,3.032152966606933,-0.2468484471502831,-0.40439077885877345,-1.3213116166495462,0.7350883648998784,-0.12639003479138966,-0.2590638800754199,-0.24494897427831783,0.05198845070449224,1.4578190116948613,-0.6814409322469491,-0.582539132880151,-0.7433315719386054,0.0,-0.7595266536805081,-0.6765734580953563
0,0.020613556689031542,-0.25673526891621856,3.032152966606933,-0.2468484471502831,-0.40439077885877345,-1.3213116166495462,1.506567242913612,-0.12639003479138966,-0.2590638800754199,-0.24494897427831783,0.05198845070449224,1.4654706819051229,-0.5220408975098424,-0.64144134091064,-0.2844537464079546,0.0,-0.7595266536805081,-0.6765734580953563
1,0.23206875111200007,-0.25673526891621856,6.224949798994365,-0.2468484471502831,-0.40439077885877345,-1.3213116166495462,0.7350883648998784,-0.12639003479138966,3.8600518131237567,-0.24494897427831783,0.05198845070449224,1.4884256925359072,-0.04384079329852207,0.09483625947047289,1.2068991865666605,0.0,-0.7595266536805081,-0.6765734580953563
1,0.4435239455349686,-0.25673526891621856,9.417746631381798,-0.2468484471502831,-0.40439077885877345,-1.3213116166495462,1.506567242913612,-0.12639003479138966,-0.2590638800754199,4.08248290463863,0.05198845070449224,1.4925458226491248,0.0419899946368431,0.15373846750096193,-0.6286121155559428,0.0,-0.7595266536805081,-0.6765734580953563
0,0.23206875111200007,-0.25673526891621856,-0.16064386578049977,-0.2468484471502831,-0.40439077885877345,-0.785371445610572,-0.03639051311385537,-0.12639003479138966,-0.2590638800754199,-0.24494897427831783,0.024454183656793842,1.4984317228108646,-0.7427486379150671,0.06538515545522837,-0.4565329309819487,0.0,-0.7595266536805081,-0.6765734580953563
0,0.020613556689031542,-0.25673526891621856,-0.16064386578049977,-0.2468484471502831,-0.40439077885877345,-0.785371445610572,-0.8078693911275893,-0.12639003479138966,-0.2590638800754199,-0.24494897427831783,-0.002761058906395039,1.5255068635548665,-0.17871774576838165,0.27154288356194,1.60841728390598,0.0,-0.7595266536805081,-0.47340975679760056
1,0.23206875111200007,-0.25673526891621856,-0.16064386578049977,-0.2468484471502831,-0.40439077885877345,-0.785371445610572,-1.579348269141323,-0.12639003479138966,-0.2590638800754199,-0.24494897427831783,0.044282782386331015,1.5378672538945197,0.07877461803771389,0.6838583397753633,0.1744240791226962,0.0,-0.7595266536805081,-0.47340975679760056
1,0.4435239455349686,-0.25673526891621856,-0.16064386578049977,-0.2468484471502831,-0.40439077885877345,-0.785371445610572,-0.8078693911275893,-0.12639003479138966,-0.2590638800754199,-0.24494897427831783,0.09074992557244282,1.5531705943150427,0.3975746875119274,1.1550760040192756,0.46122272007935294,0.0,-0.7595266536805081,-0.47340975679760056
0,0.23206875111200007,-0.25673526891621856,-0.16064386578049977,-0.2468484471502831,-0.40439077885877345,-0.785371445610572,-0.03639051311385537,-0.12639003479138966,-0.2590638800754199,-0.24494897427831783,0.06364511456158405,1.5684739347355656,0.716374756986141,0.5660539237143851,0.46122272007935294,0.0,-0.7595266536805081,-0.2702460554998448
0,0.020613556689031542,-0.25673526891621856,-0.16064386578049977,-0.2468484471502831,-0.40439077885877345,-0.785371445610572,-0.8078693911275893,-0.12639003479138966,-0.2590638800754199,-0.24494897427831783,0.03684705786275466,1.5843658651722625,1.047436367593978,0.7427605478058522,0.5185824482706843,0.0,-0.7595266536805081,-0.2702460554998448
0,0.23206875111200007,-0.25673526891621856,-0.16064386578049977,-0.2468484471502831,-0.40439077885877345,-0.785371445610572,-0.03639051311385537,-0.12639003479138966,3.8600518131237567,-0.24494897427831783,0.03684705786275466,1.59142894536635,-0.7427486379150671,0.330445091592429,-0.34181347459928596,0.0,-0.7595266536805081,-0.2702460554998448
0,0.020613556689031542,-0.25673526891621856,-0.16064386578049977,-0.2468484471502831,-0.40439077885877345,-0.785371445610572,0.7350883648998784,-0.12639003479138966,-0.2590638800754199,-0.24494897427831783,0.03684705786275466,1.6096752358677429,-0.3626408627727356,0.4777006116686516,0.7480213610360097,0.0,-0.7595266536805081,-0.2702460554998448
1,0.23206875111200007,-0.25673526891621856,-0.16064386578049977,1.5371926027085812,-0.40439077885877345,-0.785371445610572,-0.03639051311385537,-0.12639003479138966,3.8600518131237567,-0.24494897427831783,0.03684705786275466,1.6143839559971345,-0.2645485337037468,-0.08187036462099422,-0.5712523873646114,0.0,-0.7595266536805081,-0.2702460554998448
1,0.4435239455349686,-0.25673526891621856,-0.16064386578049977,3.3212336525674453,-0.40439077885877345,-0.785371445610572,0.7350883648998784,-0.12639003479138966,-0.2590638800754199,-0.24494897427831783,0.03684705786275466,1.620858446175048,-0.12967158123388725,-0.11132146863623872,-0.3991732027906173,0.0,-0.7595266536805081,-0.2702460554998448
0,0.23206875111200007,-0.25673526891621856,-0.16064386578049977,3.3212336525674453,-0.40439077885877345,-0.785371445610572,1.506567242913612,-0.12639003479138966,-0.2590638800754199,-0.24494897427831783,0.03684705786275466,1.6226242162235698,-0.09288695783301645,-0.9359523810630852,-0.8580510283212681,0.0,-0.7595266536805081,-0.2702460554998448
0,0.020613556689031542,-0.25673526891621856,-0.16064386578049977,3.3212336525674453,-0.40439077885877345,-0.785371445610572,0.7350883648998784,-0.12639003479138966,-0.2590638800754199,-0.24494897427831783,0.03684705786275466,1.6426362767734846,0.32400544071018583,-0.17022367666672775,0.9201005456100038,0.0,-0.7595266536805081,-0.2702460554998448
0,-0.19084163773393698,-0.25673526891621856,-0.16064386578049977,3.3212336525674453,-0.40439077885877345,-0.785371445610572,-0.03639051311385537,-0.12639003479138966,-0.2590638800754199,-0.24494897427831783,0.03684705786275466,1.6720657775821823,0.9370824973913656,0.9783693799278084,1.8378561966713052,0.0,-0.7595266536805081,-0.2702460554998448
0,-0.40229683215690554,-0.25673526891621856,-0.16064386578049977,3.3212336525674453,-0.40439077885877345,-0.785371445610572,-0.8078693911275893,-0.12639003479138966,-0.2590638800754199,-0.24494897427831783,0.03684705786275466,1.6726543675983563,0.9493440385249893,0.9194671718973193,-0.9727704847039308,0.0,0.25105692736719715,-0.06708235420208912
0,-0.613752026579874,-0.25673526891621856,-0.16064386578049977,-0.2468484471502831,-0.40439077885877345,-0.785371445610572,-0.03639051311385537,-0.12639003479138966,-0.2590638800754199,-0.24494897427831783,0.010368025648434104,1.6909006580997492,-0.7427486379150671,0.8311138598515858,0.7480213610360097,0.0,0.25105692736719715,0.1360813470956666
1,-0.40229683215690554,-0.25673526891621856,-0.16064386578049977,-0.2468484471502831,-0.40439077885877345,-0.785371445610572,-0.8078693911275893,-0.12639003479138966,-0.2590638800754199,4.08248290463863,0.05595171641590364,1.692666428148271,-0.7059640145141963,-0.5530880288649065,-0.8580510283212681,0.0,0.25105692736719715,0.1360813470956666
1,-0.19084163773393698,-0.25673526891621856,-0.16064386578049977,-0.2468484471502831,-0.40439077885877345,-0.785371445610572,-0.03639051311385537,-0.12639003479138966,3.8600518131237567,-0.24494897427831783,0.10100778976668359,1.6979637382938366,-0.5956101443115839,-0.31747919674295033,-0.51389265917328,0.0,0.25105692736719715,0.1360813470956666
0,-0.40229683215690554,-0.25673526891621856,-0.16064386578049977,-0.2468484471502831,-0.40439077885877345,-0.785371445610572,0.7350883648998784,-0.12639003479138966,-0.2590638800754199,-0.24494897427831783,0.0746146487597315,1.7003180983585324,-0.5465639797770896,-1.1126590051545522,-0.8006913001299367,0.0,0.25105692736719715,0.33924504839342234
0,-0.613752026579874,-0.25673526891621856,-0.16064386578049977,-0.2468484471502831,-0.40439077885877345,-0.785371445610572,-0.03639051311385537,-0.12639003479138966,-0.2590638800754199,-0.24494897427831783,0.04852826206480811,1.7126784886981856,-0.289071615970994,-0.582539132880151,0.1744240791226962,0.0,0.25105692736719715,0.542408749691178
0,-0.8252072210028426,-0.25673526891621856,-0.16064386578049977,-0.2468484471502831,-0.40439077885877345,-0.785371445610572,-0.8078693911275893,-0.12639003479138966,-0.2590638800754199,-0.24494897427831783,0.022736359509432598,1.7156214387790554,-0.22776391030287602,-0.700343548941129,-0.7433315719386054,0.0,0.25105692736719715,0.7455724509889338
